	12A01	12A06	12A08	12A09	12A10	12A11	12B02	12B04	12B05	12B08	12B09	12B10	12B11	12C02	12C05	12C09	12C11	12D05	12D07	12D08	12D09	12D11	12D12	12E02	12E04	12E05	12E06	12E10	12E11	12E12	12F02	12F03	12F04	12F05	12F06	12F08	12F10	12F11	12F12	12G01	12G02	12G03	12G04	12G05	12G06	12G07	12G08	12G09	12G10	12G11	12G12	12H01	12H02	12H04	12H05	12H08	12H09	12H10	12H11	13A01	13A02	13A03	13A04	13A08	13A10	13A11	13B01	13B03	13B07	13B10	13B11	13B12	13C01	13C04	13C05	13C10	13C12	13D01	13D03	13D07	13D09	13D11	13D12	13E02	13E04	13E05	13E06	13E07	13E09	13E10	13F02	13F04	13F08	13F11	13G02	13G04	13G07	13G08	13G10	13G12	13H02	13H04	13H05	13H06	13H11	13H12	14A03	14A04	14A06	14A07	14A10	14A11	14A12	14B06	14B08	14B10	14B11	14B12	14C01	14C02	14C03	14C04	14C05	14C06	14C07	14C08	14C09	14C10	14C11	14D03	14D07	14D09	14D12	14E01	14E02	14E03	14E04	14E05	14E06	14E07	14F04	14F05	14F06	14F08	14F09	14F10	14F11	14G02	14G03	14G04	14G06	14G09	14G10	14G12	14H02	14H05	14H06	14H08	14H09	14H11	1A03	1A05	1A09	1A11	1A12	1B01	1B02	1B03	1B07	1B09	1B10	1B11	1C01	1C02	1C03	1C04	1C05	1C07	1C09	1D01	1D02	1D07	1D08	1D09	1D10	1D12	1E01	1E07	7G11
12A01	0	38	21	23	26	18	27	21	30	32	126	39	22	20	20	21	21	21	19	24	19	20	22	20	20	22	27	19	20	20	22	25	52	25	23	33	23	26	23	76	50	18	21	21	18	19	17	18	19	25	120	18	18	19	17	57	21	20	22	20	21	21	20	19	22	20	20	19	22	20	95	28	21	18	23	21	20	20	21	22	25	20	23	22	20	24	33	20	20	23	22	20	20	21	25	23	21	21	18	22	19	22	20	20	20	22	23	21	22	24	21	36	20	22	21	21	20	22	18	18	22	70	19	19	57	22	78	22	29	20	62	19	22	20	23	20	23	21	23	22	24	21	20	20	22	19	20	23	20	25	26	20	19	23	22	23	24	21	20	22	23	20	18	20	19	21	20	20	22	22	24	21	22	22	23	22	20	26	22	20	20	20	21	20	21	18	18	18	23
12A06	38	0	23	17	20	20	31	25	18	24	98	25	22	22	22	17	23	17	25	18	23	22	22	26	20	26	27	23	26	22	24	33	46	23	27	35	31	36	29	80	54	22	29	29	26	25	27	26	25	23	102	24	24	23	27	47	25	20	20	28	21	29	22	29	34	24	26	21	30	28	81	30	23	24	23	23	22	20	17	24	29	22	27	26	26	26	39	18	18	23	26	20	22	21	27	29	25	23	20	22	21	24	22	22	24	22	25	25	22	26	21	30	20	24	25	23	22	28	20	20	22	64	21	21	53	20	70	20	35	24	52	23	30	22	21	22	25	21	25	22	26	23	22	22	22	23	22	19	24	25	30	22	25	17	24	23	28	21	22	24	25	20	20	24	23	23	24	24	28	24	28	25	22	22	27	16	20	30	22	22	22	26	23	26	23	22	24	22	23
12A08	21	23	0	6	13	5	16	12	15	21	117	26	7	7	7	6	10	6	10	9	8	9	7	9	5	13	18	8	11	9	9	18	41	10	14	26	16	17	14	71	49	7	14	14	11	12	12	11	10	10	111	9	9	10	12	42	10	5	7	13	6	14	7	14	17	11	13	6	15	13	86	15	8	9	8	8	7	5	6	9	14	7	12	11	11	11	24	5	5	8	11	5	7	6	14	12	10	8	5	7	6	9	7	7	9	7	10	10	9	11	6	23	5	9	8	8	7	9	5	5	9	59	6	6	38	7	61	7	20	9	53	6	13	7	8	5	12	8	10	9	11	8	7	7	7	6	7	10	9	10	15	7	10	10	9	8	11	6	7	9	10	5	5	9	8	8	9	9	9	9	13	8	7	5	12	7	5	15	9	7	7	11	8	11	8	7	9	7	8
12A09	23	17	6	0	13	5	16	12	13	17	113	24	7	7	7	6	10	6	10	7	8	7	7	11	5	13	16	8	11	9	9	18	39	10	12	24	16	21	14	75	47	7	14	14	11	10	12	11	10	8	107	9	9	8	12	38	10	5	5	13	6	14	7	14	19	9	11	6	15	13	84	15	8	9	8	8	7	5	4	9	14	7	12	11	11	11	24	3	5	8	11	5	7	6	12	14	10	8	5	7	6	9	7	7	9	7	10	10	7	11	6	19	5	9	10	8	7	13	5	5	7	59	6	6	40	5	63	5	20	9	53	8	15	7	8	7	10	6	10	9	11	8	7	7	7	8	7	10	9	10	15	7	10	8	9	8	13	6	7	9	10	5	5	9	8	8	9	9	13	9	13	10	7	5	12	7	5	15	9	5	7	11	8	11	8	7	9	7	8
12A10	26	20	13	13	0	8	19	17	16	26	110	21	10	10	12	7	15	7	13	8	13	14	12	14	10	16	21	13	14	12	12	21	44	13	17	29	19	24	19	76	50	10	17	17	14	17	15	14	13	17	116	12	14	13	15	49	15	10	12	16	11	17	10	17	22	14	16	11	18	16	83	22	13	12	13	13	10	10	11	14	17	12	15	14	12	14	27	10	10	13	14	8	10	11	15	17	13	11	8	12	9	10	10	10	12	12	13	13	12	16	11	28	10	12	13	11	10	16	8	8	14	60	9	9	47	12	64	12	23	12	54	11	18	10	13	12	15	11	13	14	16	11	10	10	12	11	10	13	12	15	18	10	13	13	12	13	16	11	10	12	13	10	8	12	11	13	12	12	16	14	16	13	12	12	15	12	10	18	12	12	10	14	13	14	13	10	12	10	13
12A11	18	20	5	5	8	0	11	9	12	18	118	23	4	2	4	3	7	3	5	6	5	6	4	6	2	8	13	5	6	4	4	13	38	7	9	21	11	16	11	70	44	2	9	9	6	9	7	6	5	9	110	4	6	5	7	41	7	2	4	8	3	9	2	9	14	6	8	3	10	8	83	14	5	4	5	5	2	2	3	6	9	4	7	6	6	8	19	2	2	5	6	2	2	3	9	9	5	3	0	4	1	4	2	2	4	4	5	5	4	8	3	20	2	4	5	3	2	8	0	0	6	56	1	1	39	4	62	4	15	4	50	3	10	2	5	4	7	3	5	6	8	3	2	2	4	3	2	5	4	7	10	2	5	7	4	5	8	3	2	4	5	2	0	4	3	5	4	4	8	6	8	5	4	4	7	4	2	10	4	4	2	6	5	6	5	2	4	2	5
12B02	27	31	16	16	19	11	0	18	23	29	123	32	15	9	15	14	16	14	16	15	14	15	13	15	13	19	24	14	15	13	9	18	43	18	14	26	16	21	16	77	53	13	14	16	13	16	14	13	12	16	121	11	15	14	14	52	14	13	15	13	14	14	11	14	19	11	13	12	15	17	88	23	14	13	12	14	11	11	14	15	12	13	14	11	11	15	24	13	13	16	11	13	11	12	18	18	16	12	11	13	10	11	9	13	9	9	10	10	13	17	14	29	13	13	14	12	11	17	11	11	17	67	12	12	50	15	73	15	24	15	61	14	19	13	16	15	16	14	10	15	19	12	11	13	13	12	11	14	13	14	15	11	14	16	13	14	17	14	13	13	14	11	11	13	14	16	13	13	17	17	17	16	15	15	16	15	13	19	13	15	11	15	16	15	16	13	13	13	16
12B04	21	25	12	12	17	9	18	0	19	23	121	26	11	11	9	10	12	10	12	13	10	11	11	13	9	15	18	10	13	11	13	20	43	14	16	28	18	23	16	79	49	11	16	14	13	14	14	13	12	16	115	11	11	12	12	48	12	9	11	13	10	14	11	16	19	15	15	10	17	15	90	21	12	13	12	12	11	9	10	13	16	11	14	13	15	13	26	9	9	12	15	9	11	10	18	18	14	12	9	11	10	13	11	11	13	11	14	14	13	15	10	27	9	13	14	12	11	15	9	9	13	59	10	10	46	11	67	11	24	13	53	12	17	11	12	11	16	12	14	11	13	12	11	11	11	12	11	12	13	12	17	11	14	12	13	12	15	10	11	13	14	9	9	13	12	12	13	13	15	13	15	12	11	11	16	9	9	19	13	11	11	15	12	15	12	11	13	11	12
12B05	30	18	15	13	16	12	23	19	0	22	116	23	14	14	14	9	15	9	17	12	15	16	14	18	12	16	25	15	18	16	16	25	38	15	21	29	23	28	21	78	52	14	21	21	18	19	19	18	17	17	108	16	16	17	19	47	17	12	14	20	13	21	14	21	26	18	20	13	22	20	89	24	15	16	15	15	14	12	11	16	21	14	19	18	18	18	31	12	10	15	18	12	14	13	21	21	17	15	12	14	13	16	14	14	16	14	17	17	16	18	13	24	12	16	17	15	14	20	12	12	16	62	13	13	47	14	68	14	27	16	46	15	22	14	11	14	17	15	17	16	18	15	14	14	14	15	14	15	16	17	22	14	17	13	16	15	20	13	14	16	17	12	12	16	15	15	16	16	20	16	20	17	14	14	19	10	12	22	16	16	14	18	15	18	15	14	16	14	15
12B08	32	24	21	17	26	18	29	23	22	0	104	31	20	20	20	19	21	19	23	22	21	22	20	24	16	26	27	21	24	22	22	29	46	21	27	35	29	34	27	72	48	20	27	27	24	25	25	24	23	25	98	22	22	21	25	47	23	18	20	26	19	27	20	27	32	24	26	19	28	26	79	32	21	22	19	21	20	18	15	22	27	20	25	24	24	24	37	18	16	21	24	18	20	19	27	27	23	21	18	20	19	22	20	20	22	20	23	23	22	24	19	26	18	22	23	21	20	26	18	18	22	54	19	19	45	20	56	20	33	22	50	21	28	20	19	20	25	21	23	22	16	21	20	20	20	21	20	21	22	23	28	20	23	19	22	21	26	19	20	22	23	18	18	22	21	21	22	22	26	22	26	23	20	18	25	18	18	28	20	20	20	24	21	24	21	20	22	20	21
12B09	126	98	117	113	110	118	123	121	116	104	0	101	114	116	120	115	119	115	123	112	119	118	116	120	118	124	121	119	122	118	114	119	108	115	119	113	121	124	119	116	102	118	119	123	118	117	119	118	119	111	74	118	118	117	121	97	119	118	116	118	119	119	118	119	124	114	116	115	122	122	71	118	119	118	117	115	118	116	115	118	117	116	119	118	118	118	129	116	116	115	118	116	118	117	119	125	123	119	118	118	117	116	116	120	114	114	115	115	118	122	117	110	116	118	121	119	118	124	118	118	120	94	119	119	101	118	86	114	131	122	96	121	126	120	115	120	121	119	117	118	112	119	118	120	118	119	118	115	118	121	122	118	119	111	120	119	124	119	120	120	121	116	118	120	121	121	120	120	122	122	124	123	118	116	125	114	118	128	120	114	120	124	121	124	121	120	122	120	117
12B10	39	25	26	24	21	23	32	26	23	31	101	0	23	23	23	20	24	20	26	21	22	23	21	25	23	27	28	22	25	23	25	30	47	28	28	36	30	35	28	77	55	25	28	28	25	26	26	25	24	28	113	23	23	22	26	50	24	23	23	27	24	28	23	28	33	27	27	22	31	27	78	33	24	25	24	24	23	21	24	25	30	23	28	27	29	27	40	23	23	26	27	23	23	22	30	30	28	24	23	23	22	25	25	25	25	23	26	26	25	27	24	29	21	23	26	24	23	29	23	23	27	67	24	24	50	25	65	23	36	27	55	26	31	25	26	25	28	26	26	23	29	24	23	25	23	24	23	24	25	26	31	23	26	22	25	24	29	24	25	25	26	21	23	25	26	26	25	25	29	27	29	28	23	23	30	21	23	33	27	25	25	29	26	29	26	25	27	25	26
12B11	22	22	7	7	10	4	15	11	14	20	114	23	0	6	6	5	9	5	9	8	7	8	4	10	4	12	17	7	10	8	8	17	40	7	13	23	15	20	13	70	44	6	13	13	10	11	11	10	9	11	112	8	8	9	11	41	9	4	6	12	5	13	6	13	18	10	12	5	14	12	85	18	7	8	7	7	6	4	5	8	13	6	11	10	8	8	23	4	4	7	10	2	6	5	11	13	9	7	4	6	5	6	6	6	8	6	9	9	8	10	5	20	2	6	9	7	6	12	4	4	8	58	5	5	39	6	60	4	19	8	52	7	14	6	7	6	11	7	9	8	10	7	6	6	6	7	6	9	8	9	14	6	9	9	8	7	12	5	6	8	9	4	4	8	7	7	8	8	12	8	12	9	4	4	11	6	4	14	8	6	6	10	7	10	7	6	8	6	7
12C02	20	22	7	7	10	2	9	11	14	20	116	23	6	0	6	5	7	5	7	6	5	6	4	6	4	10	15	5	6	4	2	11	36	9	7	19	9	14	9	70	44	4	7	7	4	7	5	4	3	7	112	2	6	5	7	43	5	4	6	6	5	7	2	7	12	4	6	3	10	8	81	14	5	4	5	5	2	2	5	6	7	4	7	4	6	6	17	4	4	7	4	4	2	3	9	9	7	3	2	4	1	2	2	4	2	2	3	3	4	8	5	20	4	4	5	3	2	8	2	2	8	58	3	3	41	6	64	6	15	6	52	5	10	4	7	6	7	5	3	6	10	3	2	4	4	3	2	5	4	7	8	2	5	7	4	5	8	5	4	4	5	2	2	4	5	7	4	4	8	8	8	7	6	6	9	6	4	12	6	6	4	8	7	8	7	4	6	4	7
12C05	20	22	7	7	12	4	15	9	14	20	120	23	6	6	0	5	5	5	5	8	3	6	6	6	4	8	13	3	6	8	8	13	38	9	9	21	11	16	9	72	46	6	11	11	8	9	9	8	7	11	114	6	6	7	9	43	7	4	6	8	5	9	6	9	14	10	10	5	12	8	87	18	7	8	7	7	6	4	5	8	13	6	11	10	10	10	21	4	4	7	8	4	6	5	13	13	7	7	4	4	5	8	6	6	8	6	9	9	8	10	5	22	4	8	9	7	6	10	4	4	6	58	3	5	41	4	64	6	17	6	52	5	14	4	7	4	9	5	9	8	10	7	6	6	6	7	6	9	8	9	14	6	9	9	6	5	10	3	4	6	9	4	4	6	5	5	6	6	10	6	10	7	6	6	11	6	4	14	8	8	6	8	5	8	5	6	8	6	7
12C09	21	17	6	6	7	3	14	10	9	19	115	20	5	5	5	0	8	0	8	3	6	7	5	9	3	11	16	6	9	7	7	16	39	8	12	24	14	19	12	73	47	5	12	12	9	10	10	9	8	10	113	7	7	8	10	42	8	3	5	11	4	12	5	12	17	9	11	4	13	11	84	17	6	7	6	6	5	3	4	7	12	5	10	9	9	9	22	3	3	6	9	3	5	4	12	12	8	6	3	5	4	7	5	5	7	5	8	8	7	9	4	21	3	7	8	6	5	11	3	3	7	57	4	4	40	5	63	5	18	7	49	6	13	5	6	5	10	6	8	7	9	6	5	5	5	6	5	8	7	8	13	5	8	6	7	6	11	4	5	7	8	3	3	7	6	6	7	7	11	7	11	8	5	5	10	5	3	13	7	7	5	9	6	9	6	5	7	5	6
12C11	21	23	10	10	15	7	16	12	15	21	119	24	9	7	5	8	0	8	6	9	2	5	7	5	7	7	12	2	3	9	9	10	37	12	6	18	8	13	8	71	41	7	8	8	5	6	6	5	6	12	115	5	3	6	8	44	4	7	9	7	6	6	7	6	11	11	9	6	9	7	86	19	4	5	8	8	7	5	6	7	12	7	12	7	9	7	18	7	5	10	5	7	5	4	12	14	10	6	7	5	6	7	9	7	9	7	10	8	7	11	6	23	7	7	8	6	7	7	7	7	5	59	6	8	44	7	65	9	14	5	53	6	13	5	8	7	8	6	10	7	13	6	5	7	7	6	7	8	7	10	13	7	8	8	7	6	11	4	7	7	8	5	7	5	6	4	3	5	9	5	7	6	9	9	14	7	7	15	11	11	9	7	4	7	4	9	7	7	10
12D05	21	17	6	6	7	3	14	10	9	19	115	20	5	5	5	0	8	0	8	3	6	7	5	9	3	11	16	6	9	7	7	16	39	8	12	24	14	19	12	73	47	5	12	12	9	10	10	9	8	10	113	7	7	8	10	42	8	3	5	11	4	12	5	12	17	9	11	4	13	11	84	17	6	7	6	6	5	3	4	7	12	5	10	9	9	9	22	3	3	6	9	3	5	4	12	12	8	6	3	5	4	7	5	5	7	5	8	8	7	9	4	21	3	7	8	6	5	11	3	3	7	57	4	4	40	5	63	5	18	7	49	6	13	5	6	5	10	6	8	7	9	6	5	5	5	6	5	8	7	8	13	5	8	6	7	6	11	4	5	7	8	3	3	7	6	6	7	7	11	7	11	8	5	5	10	5	3	13	7	7	5	9	6	9	6	5	7	5	6
12D07	19	25	10	10	13	5	16	12	17	23	123	26	9	7	5	8	6	8	0	11	4	7	9	5	7	7	12	4	5	9	9	12	41	12	8	20	8	15	10	73	43	7	8	10	7	10	8	7	6	14	115	5	7	6	8	46	8	7	9	7	8	8	7	8	13	11	9	8	11	7	88	19	8	7	10	10	7	7	8	11	14	9	12	9	9	11	20	7	7	10	7	7	7	8	14	12	10	8	5	7	6	9	7	7	9	9	10	10	9	13	8	25	7	9	10	8	7	9	5	5	7	61	4	6	44	7	67	9	16	5	55	6	15	5	10	7	10	6	10	11	13	8	7	7	9	8	7	10	9	12	15	7	10	12	7	8	11	6	5	7	10	7	5	5	4	6	5	5	9	7	9	6	9	9	12	9	7	15	9	9	7	7	6	7	6	7	7	7	10
12D08	24	18	9	7	8	6	15	13	12	22	112	21	8	6	8	3	9	3	11	0	7	6	6	10	6	14	17	7	10	8	8	17	38	11	11	23	15	20	13	74	48	8	13	13	10	9	11	10	9	9	114	8	8	7	11	43	9	6	6	12	7	13	6	13	18	8	10	5	14	12	83	16	7	8	7	7	6	4	7	8	13	6	11	10	12	10	23	4	6	9	10	6	6	5	11	13	11	7	6	6	5	8	8	8	8	6	9	9	6	10	7	20	6	8	9	7	6	12	6	6	8	60	7	7	43	6	66	6	19	10	52	9	14	8	9	8	9	7	9	8	12	7	6	8	6	7	6	9	8	9	14	6	9	5	8	7	12	7	8	8	9	4	6	8	9	9	8	8	12	10	12	11	8	8	13	8	6	16	10	8	8	12	9	12	9	8	10	8	9
12D09	19	23	8	8	13	5	14	10	15	21	119	22	7	5	3	6	2	6	4	7	0	3	5	3	5	7	12	0	3	7	7	10	37	10	6	18	8	13	6	73	43	7	8	8	5	6	6	5	4	10	115	3	3	4	6	44	4	5	7	5	6	6	5	6	11	9	7	4	9	5	86	17	4	5	6	6	5	3	6	7	12	5	10	7	9	7	18	5	5	8	5	5	5	4	12	12	10	6	5	3	4	7	7	7	7	5	8	8	7	9	6	21	5	7	8	6	5	7	5	5	5	59	4	6	42	5	65	7	14	5	53	6	13	5	8	5	8	6	8	7	11	6	5	7	5	6	5	8	7	8	13	5	8	8	5	4	9	4	5	5	8	3	5	3	4	4	3	3	7	5	7	6	7	7	12	7	5	15	9	9	7	7	4	7	4	7	7	7	8
12D11	20	22	9	7	14	6	15	11	16	22	118	23	8	6	6	7	5	7	7	6	3	0	6	6	6	10	13	3	6	8	8	11	40	11	7	19	9	14	9	74	44	8	9	9	6	5	7	6	5	9	114	4	4	3	7	43	5	6	6	8	7	9	6	9	14	8	6	5	12	8	85	16	5	6	7	7	6	4	7	8	13	6	11	8	10	8	21	4	6	9	8	6	6	5	11	13	11	7	6	6	5	8	8	8	8	6	9	9	6	10	7	20	6	8	9	7	6	10	6	6	6	60	7	7	43	6	66	6	17	8	54	9	14	8	9	8	9	7	9	8	12	7	6	8	6	7	6	9	8	9	14	6	9	7	8	7	12	7	8	8	9	4	6	6	7	7	6	6	10	8	10	9	8	8	13	8	6	16	10	8	8	10	7	10	7	8	8	8	9
12D12	22	22	7	7	12	4	13	11	14	20	116	21	4	4	6	5	7	5	9	6	5	6	0	8	4	12	17	5	8	6	6	13	38	9	11	21	11	16	11	72	46	6	11	11	8	9	9	8	7	9	114	6	6	7	9	41	7	4	6	10	5	11	4	11	14	8	8	3	12	10	85	16	5	6	5	5	2	2	5	4	11	4	9	8	10	8	19	4	4	7	8	4	4	3	9	9	9	3	4	2	3	6	6	6	6	4	5	7	6	6	5	16	2	4	5	5	4	8	4	4	8	58	5	5	39	6	62	4	15	8	52	7	10	6	7	6	9	7	5	6	10	3	4	6	2	5	4	5	4	5	10	2	5	7	4	3	8	5	4	4	5	2	4	4	5	5	6	4	8	6	8	9	4	4	11	6	4	12	8	6	6	8	5	10	5	4	8	6	7
12E02	20	26	9	11	14	6	15	13	18	24	120	25	10	6	6	9	5	9	5	10	3	6	8	0	8	8	13	3	4	8	8	9	40	13	7	19	9	12	9	74	44	8	9	9	6	9	7	6	5	13	116	4	6	5	7	47	7	8	10	6	9	7	6	7	12	10	8	7	10	6	85	18	7	6	9	9	6	6	9	10	13	8	11	8	10	10	19	8	8	11	6	8	6	7	13	13	11	7	6	6	5	8	8	8	8	8	9	9	8	12	9	24	8	8	9	7	6	6	6	6	8	60	5	7	43	8	66	10	15	6	56	7	14	6	11	8	9	7	9	10	14	7	6	8	8	7	6	9	8	11	14	6	9	11	6	7	8	7	6	6	9	6	6	4	5	7	4	4	6	8	8	5	10	10	13	10	8	16	10	10	8	8	7	8	7	8	8	8	11
12E04	20	20	5	5	10	2	13	9	12	16	118	23	4	4	4	3	7	3	7	6	5	6	4	8	0	10	15	5	8	6	6	15	38	5	11	23	13	18	11	72	46	4	11	11	8	9	9	8	7	9	112	6	6	7	9	41	7	2	4	10	3	11	4	11	16	8	10	3	12	10	85	16	5	6	3	5	4	2	3	6	11	4	9	8	8	8	21	2	2	5	8	2	4	3	11	11	7	5	2	4	3	6	4	4	6	4	7	7	6	8	3	20	2	6	7	5	4	10	2	2	6	56	3	3	37	4	62	4	17	6	50	5	12	4	5	4	9	5	7	6	8	5	4	4	4	5	4	7	6	7	12	4	7	7	6	5	10	3	4	6	7	2	2	6	5	5	6	6	10	6	10	7	4	2	9	4	2	12	6	6	4	8	5	8	5	4	6	4	5
12E05	22	26	13	13	16	8	19	15	16	26	124	27	12	10	8	11	7	11	7	14	7	10	12	8	10	0	13	7	6	12	12	13	42	15	9	17	11	16	13	76	46	8	11	11	8	11	9	8	9	15	114	8	8	9	11	49	9	10	12	10	9	9	10	9	14	14	12	11	12	10	91	20	9	8	13	13	10	10	11	12	15	12	15	10	10	12	19	10	10	13	8	10	8	9	15	17	11	9	8	10	9	10	10	8	12	12	13	11	10	16	9	26	10	10	11	9	10	10	8	8	8	64	7	9	47	10	70	12	17	6	54	7	16	6	13	10	11	7	13	12	16	9	8	8	12	9	10	13	10	13	16	10	11	15	10	11	14	7	8	10	11	10	8	8	7	7	6	8	12	8	10	7	12	12	15	10	10	16	12	12	10	8	7	8	7	10	8	8	13
12E06	27	27	18	16	21	13	24	18	25	27	121	28	17	15	13	16	12	16	12	17	12	13	17	13	15	13	0	12	11	15	17	18	43	20	12	24	16	21	18	75	47	13	16	16	13	14	14	13	14	20	113	13	13	12	16	52	14	15	13	15	14	14	15	14	19	17	15	16	17	15	84	25	14	13	18	18	15	15	16	17	20	17	20	15	15	17	26	13	15	18	13	15	13	14	18	22	16	14	13	15	14	15	15	13	17	17	18	16	13	21	14	31	15	15	16	14	15	15	13	13	11	65	12	14	52	13	69	15	22	11	55	12	19	11	18	15	14	10	18	15	21	14	13	13	17	14	15	16	15	20	21	15	16	16	15	16	19	12	13	15	16	15	13	13	12	12	11	13	17	13	15	12	17	17	20	15	15	21	17	15	15	13	12	13	12	15	13	13	18
12E10	19	23	8	8	13	5	14	10	15	21	119	22	7	5	3	6	2	6	4	7	0	3	5	3	5	7	12	0	3	7	7	10	37	10	6	18	8	13	6	73	43	7	8	8	5	6	6	5	4	10	115	3	3	4	6	44	4	5	7	5	6	6	5	6	11	9	7	4	9	5	86	17	4	5	6	6	5	3	6	7	12	5	10	7	9	7	18	5	5	8	5	5	5	4	12	12	10	6	5	3	4	7	7	7	7	5	8	8	7	9	6	21	5	7	8	6	5	7	5	5	5	59	4	6	42	5	65	7	14	5	53	6	13	5	8	5	8	6	8	7	11	6	5	7	5	6	5	8	7	8	13	5	8	8	5	4	9	4	5	5	8	3	5	3	4	4	3	3	7	5	7	6	7	7	12	7	5	15	9	9	7	7	4	7	4	7	7	7	8
12E11	20	26	11	11	14	6	15	13	18	24	122	25	10	6	6	9	3	9	5	10	3	6	8	4	8	6	11	3	0	8	8	9	40	13	5	17	7	12	9	72	42	6	7	7	4	7	5	4	5	13	116	4	4	5	7	47	5	8	10	6	7	5	6	5	10	10	8	7	8	6	87	18	5	4	9	9	6	6	9	8	11	8	11	6	8	8	17	8	8	11	4	8	4	5	11	13	9	5	6	6	5	6	8	6	8	8	9	7	6	12	7	24	8	6	7	5	6	6	6	6	6	62	5	7	45	8	68	10	13	4	56	5	12	4	11	8	7	5	9	8	14	5	4	6	8	5	6	9	6	11	12	6	7	11	6	7	10	5	6	6	7	6	6	4	5	5	2	4	8	6	6	5	10	10	13	10	8	14	10	10	8	6	5	6	5	8	6	6	11
12E12	20	22	9	9	12	4	13	11	16	22	118	23	8	4	8	7	9	7	9	8	7	8	6	8	6	12	15	7	8	0	6	15	38	11	11	23	13	18	13	68	46	6	11	7	8	11	9	8	7	11	112	6	8	7	7	45	9	6	8	10	7	11	4	11	14	8	10	5	10	8	83	14	7	6	7	7	4	4	7	8	9	6	7	8	10	10	19	6	6	9	8	6	4	5	9	9	9	5	4	6	3	6	6	6	6	6	7	7	6	8	7	20	6	6	7	5	4	10	4	4	10	58	5	5	43	8	64	8	15	8	52	7	10	6	9	8	7	7	7	4	12	5	4	4	6	5	2	5	6	9	10	4	7	7	6	7	10	7	6	4	7	4	4	6	7	9	6	6	10	10	10	9	8	8	9	6	6	12	8	8	4	10	9	8	9	6	8	6	9
12F02	22	24	9	9	12	4	9	13	16	22	114	25	8	2	8	7	9	7	9	8	7	8	6	8	6	12	17	7	8	6	0	11	36	11	7	19	9	14	9	72	46	6	7	9	6	9	7	6	5	9	114	4	8	7	9	45	7	6	8	6	7	7	4	7	12	4	6	5	10	10	81	14	7	6	5	7	4	4	7	8	7	6	7	4	6	8	17	6	6	9	4	6	4	5	11	11	9	5	4	6	3	4	2	6	2	2	3	3	6	10	7	22	6	6	7	5	4	10	4	4	10	58	5	5	41	8	64	8	17	8	54	7	12	6	9	8	9	7	3	8	12	5	4	6	6	5	4	7	6	9	8	4	7	9	6	7	10	7	6	6	7	4	4	6	7	9	6	6	10	10	10	9	8	8	11	8	6	14	8	8	6	10	9	10	9	6	8	6	9
12F03	25	33	18	18	21	13	18	20	25	29	119	30	17	11	13	16	10	16	12	17	10	11	13	9	15	13	18	10	9	15	11	0	37	20	8	16	4	9	10	77	47	11	8	12	7	10	8	7	10	16	121	9	9	10	12	54	10	15	17	7	14	6	13	6	9	11	7	12	11	13	84	25	12	9	14	14	11	13	16	11	12	13	14	9	11	13	16	15	15	18	7	15	11	12	14	18	16	10	13	11	12	11	11	13	9	11	10	8	13	17	14	27	15	13	12	12	13	11	13	13	13	67	12	14	50	15	73	17	18	11	61	12	17	11	18	15	14	12	10	15	21	10	11	13	13	12	13	14	9	16	13	11	10	18	11	12	15	12	11	11	12	13	13	9	10	10	9	9	13	11	11	12	17	17	20	17	15	19	17	17	15	11	10	13	10	13	13	13	18
12F04	52	46	41	39	44	38	43	43	38	46	108	47	40	36	38	39	37	39	41	38	37	40	38	40	38	42	43	37	40	38	36	37	0	39	39	35	39	42	35	96	68	38	39	43	38	39	39	38	39	37	98	38	38	39	41	65	39	38	38	36	39	37	38	37	42	36	38	35	38	42	79	50	39	38	37	37	38	36	37	38	39	36	39	38	40	40	47	38	36	39	36	38	38	37	43	45	43	39	38	36	37	38	36	40	34	34	35	35	40	42	39	44	38	40	41	39	38	42	38	38	40	74	37	39	69	38	82	40	49	40	60	39	46	38	39	38	41	39	37	38	42	39	38	40	38	39	38	35	38	41	42	38	39	37	38	37	42	37	38	38	41	36	38	38	39	39	38	38	42	40	42	41	40	40	45	36	38	48	42	42	40	42	39	42	39	40	42	40	37
12F05	25	23	10	10	13	7	18	14	15	21	115	28	7	9	9	8	12	8	12	11	10	11	9	13	5	15	20	10	13	11	11	20	39	0	16	24	18	23	16	73	45	9	16	16	13	14	14	13	12	12	107	11	11	12	14	40	12	7	9	15	8	16	9	16	21	13	15	8	17	15	86	21	10	11	8	10	9	7	8	11	16	9	14	13	11	11	26	7	7	10	13	5	9	8	14	16	12	10	7	9	8	9	9	9	11	9	12	12	11	13	8	25	7	11	12	10	9	15	7	7	11	59	8	8	40	9	63	9	22	11	53	10	17	9	8	9	12	10	12	11	13	10	9	9	9	10	9	12	11	12	17	9	12	12	11	10	15	8	9	11	12	7	7	11	10	10	11	11	15	11	15	12	9	7	14	9	7	17	11	11	9	13	10	13	10	9	11	9	8
12F06	23	27	14	12	17	9	14	16	21	27	119	28	13	7	9	12	6	12	8	11	6	7	11	7	11	9	12	6	5	11	7	8	39	16	0	14	6	11	8	75	45	9	6	8	5	6	6	5	6	12	117	5	7	6	10	48	6	11	11	5	10	4	9	4	9	7	5	10	9	9	84	19	8	7	10	12	9	9	12	11	10	11	12	5	7	9	16	9	11	14	3	11	7	8	12	16	12	8	9	9	8	7	7	9	7	7	8	6	7	15	10	25	11	9	10	8	9	9	9	9	7	65	8	10	48	9	71	11	16	7	59	8	15	7	14	11	8	6	8	11	17	8	7	9	11	8	9	12	9	14	11	9	10	12	9	10	13	8	9	9	10	9	9	7	8	8	5	7	11	9	9	8	13	13	16	13	11	17	13	11	11	9	8	9	8	11	9	9	14
12F08	33	35	26	24	29	21	26	28	29	35	113	36	23	19	21	24	18	24	20	23	18	19	21	19	23	17	24	18	17	23	19	16	35	24	14	0	16	21	18	83	53	19	16	20	15	16	16	15	18	20	109	17	17	16	20	54	18	23	23	15	22	14	21	14	19	17	15	20	19	21	84	31	20	17	22	22	21	21	24	21	20	21	22	17	19	21	24	21	23	26	15	23	19	20	22	28	24	20	21	21	20	19	19	21	17	19	20	16	19	27	22	33	21	19	22	20	21	21	21	21	19	71	20	22	52	21	73	21	28	19	65	20	27	19	26	23	20	18	20	23	29	20	19	21	23	20	21	24	19	24	23	21	20	24	21	22	25	20	21	21	22	21	21	19	20	20	17	19	23	21	21	20	23	23	28	25	23	29	23	21	23	21	20	21	20	23	21	21	24
12F10	23	31	16	16	19	11	16	18	23	29	121	30	15	9	11	14	8	14	8	15	8	9	11	9	13	11	16	8	7	13	9	4	39	18	6	16	0	7	8	73	43	9	4	10	5	8	6	5	8	14	121	7	7	10	10	52	8	13	15	5	12	4	11	4	7	9	5	10	9	11	86	23	10	7	12	12	9	11	14	9	10	11	12	7	9	11	14	13	13	16	5	13	9	10	12	14	14	8	11	9	10	9	9	11	7	9	8	6	11	15	12	27	13	11	10	10	11	9	11	11	11	67	10	12	50	13	73	15	16	9	61	10	15	9	16	13	12	10	8	13	19	8	9	11	11	10	11	12	7	14	11	9	8	16	9	10	13	10	9	9	10	11	11	7	8	8	7	7	11	9	9	10	15	15	18	15	13	17	15	15	13	9	8	11	8	11	11	11	16
12F11	26	36	17	21	24	16	21	23	28	34	124	35	20	14	16	19	13	19	15	20	13	14	16	12	18	16	21	13	12	18	14	9	42	23	11	21	7	0	11	78	50	14	11	15	10	13	11	10	13	19	126	12	12	15	13	57	11	18	20	10	17	9	16	9	10	14	10	15	10	16	89	24	13	12	15	15	14	16	19	14	15	16	17	12	14	16	17	18	18	21	10	18	14	15	15	19	17	13	16	14	15	14	14	16	12	14	13	11	16	18	17	30	18	14	11	13	14	10	16	16	16	70	15	17	53	18	76	20	19	12	64	13	16	14	19	14	15	15	13	16	24	13	14	16	14	13	16	17	12	19	14	14	13	21	12	13	16	15	14	14	13	16	16	12	13	13	12	12	12	14	14	13	18	20	23	20	18	22	18	20	18	14	13	16	13	16	16	16	21
12F12	23	29	14	14	19	11	16	16	21	27	119	28	13	9	9	12	8	12	10	13	6	9	11	9	11	13	18	6	9	13	9	10	35	16	8	18	8	11	0	77	47	11	8	12	7	8	8	7	8	12	121	7	7	10	10	50	8	11	13	5	12	6	11	6	11	9	7	8	9	11	86	23	10	9	10	10	11	9	12	11	12	9	12	9	11	11	18	11	11	14	7	11	11	10	16	18	16	12	11	9	10	11	9	13	7	7	10	8	13	15	12	27	11	13	14	12	11	13	11	11	11	65	10	12	48	11	71	13	20	11	59	12	19	11	14	11	14	12	10	13	17	12	11	13	11	12	11	14	11	14	15	11	12	14	11	10	15	10	11	11	14	9	11	9	10	10	9	9	13	11	13	12	13	13	18	13	11	21	15	15	13	13	10	13	10	13	13	13	14
12G01	76	80	71	75	76	70	77	79	78	72	116	77	70	70	72	73	71	73	73	74	73	74	72	74	72	76	75	73	72	68	72	77	96	73	75	83	73	78	77	0	40	68	71	71	70	73	71	70	73	73	100	72	70	73	71	63	73	70	74	74	71	73	68	73	74	72	74	69	72	74	101	72	71	68	73	71	70	70	71	70	69	70	69	72	72	70	79	72	70	69	72	70	68	69	69	71	69	69	70	72	69	68	72	70	70	72	71	69	70	72	69	82	72	70	69	69	70	72	70	70	72	100	71	69	69	74	82	74	75	72	102	69	70	70	71	72	71	71	71	70	76	69	68	68	72	67	68	71	68	73	72	70	67	73	72	73	74	71	72	70	71	70	70	72	73	73	70	72	72	74	72	73	74	74	73	72	72	72	70	74	70	74	73	72	73	72	72	70	69
12G02	50	54	49	47	50	44	53	49	52	48	102	55	44	44	46	47	41	47	43	48	43	44	46	44	46	46	47	43	42	46	46	47	68	45	45	53	43	50	47	40	0	42	41	45	40	43	41	40	41	47	92	42	40	43	43	43	43	44	48	44	45	43	42	43	48	46	44	43	46	46	89	50	43	40	47	45	44	44	43	44	45	44	45	44	44	44	55	46	44	43	44	44	42	43	45	49	47	43	44	46	43	42	46	44	44	46	45	43	44	48	43	58	46	44	45	43	44	46	44	44	46	72	45	43	59	48	72	48	53	44	76	45	50	44	45	48	47	45	47	46	50	43	42	44	46	43	44	45	42	49	50	44	43	47	46	47	48	45	46	46	45	44	44	44	45	45	42	44	46	46	46	45	48	48	51	46	46	52	48	48	46	46	45	46	45	46	44	44	41
12G03	18	22	7	7	10	2	13	11	14	20	118	25	6	4	6	5	7	5	7	8	7	8	6	8	4	8	13	7	6	6	6	11	38	9	9	19	9	14	11	68	42	0	7	9	4	7	5	4	7	9	112	6	4	7	7	43	7	4	6	8	3	7	4	7	12	6	8	3	8	10	83	16	5	2	7	5	4	4	5	4	7	4	7	6	6	8	17	4	4	7	6	4	2	3	7	11	5	3	2	6	3	4	4	2	4	6	7	3	4	10	3	22	4	4	5	3	4	8	2	2	6	58	3	3	41	6	64	6	15	4	52	3	10	2	7	6	7	3	7	6	10	3	2	2	6	3	4	7	2	9	10	4	3	9	6	7	10	3	4	6	5	4	2	6	5	5	4	6	10	6	8	5	6	6	9	6	4	10	6	6	4	6	5	6	5	4	4	2	7
12G04	21	29	14	14	17	9	14	16	21	27	119	28	13	7	11	12	8	12	8	13	8	9	11	9	11	11	16	8	7	11	7	8	39	16	6	16	4	11	8	71	41	7	0	8	3	6	4	3	6	12	119	5	5	8	8	50	6	11	13	5	10	4	9	4	9	7	5	8	9	11	84	21	8	5	10	10	9	9	12	9	8	9	10	5	7	9	16	11	11	14	5	11	7	8	12	14	12	8	9	11	8	7	7	9	5	7	8	4	9	15	10	27	11	9	10	8	9	11	9	9	11	65	10	10	48	13	71	13	18	9	59	10	15	9	14	13	12	10	8	11	17	8	7	9	11	8	9	12	7	14	11	9	8	14	11	12	15	10	11	11	10	9	9	9	10	10	7	9	13	11	11	10	13	13	16	13	11	17	13	13	11	11	10	11	10	11	9	9	14
12G05	21	29	14	14	17	9	16	14	21	27	123	28	13	7	11	12	8	12	10	13	8	9	11	9	11	11	16	8	7	7	9	12	43	16	8	20	10	15	12	71	45	9	8	0	5	8	6	5	6	14	119	5	7	8	8	50	6	11	13	7	10	6	9	8	9	11	9	10	11	9	88	17	8	7	12	12	9	9	12	11	10	11	10	5	9	7	16	11	11	14	7	11	7	8	12	14	12	8	9	11	8	7	9	9	9	9	10	8	9	13	10	25	11	9	10	8	9	9	9	9	11	65	10	10	48	13	71	13	16	9	59	10	11	9	14	13	10	10	10	9	17	8	7	7	11	8	7	12	9	14	9	9	10	14	11	12	13	10	11	9	10	9	9	9	10	10	7	9	11	11	9	8	13	13	14	13	11	15	13	13	9	11	10	9	10	11	9	9	14
12G06	18	26	11	11	14	6	13	13	18	24	118	25	10	4	8	9	5	9	7	10	5	6	8	6	8	8	13	5	4	8	6	7	38	13	5	15	5	10	7	70	40	4	3	5	0	3	1	0	3	9	116	2	2	5	5	47	3	8	10	4	7	3	6	3	8	6	4	5	8	8	83	18	5	2	9	7	6	6	9	6	7	6	9	4	6	6	15	8	8	11	4	8	4	5	9	13	9	5	6	8	5	4	6	6	4	6	7	3	6	12	7	24	8	6	7	5	6	8	6	6	8	62	7	7	45	10	68	10	15	6	56	7	12	6	11	10	9	7	7	8	14	5	4	6	8	5	6	9	4	11	10	6	5	11	8	9	12	7	8	8	7	6	6	6	7	7	4	6	10	8	8	7	10	10	13	10	8	14	10	10	8	8	7	8	7	8	6	6	11
12G07	19	25	12	10	17	9	16	14	19	25	117	26	11	7	9	10	6	10	10	9	6	5	9	9	9	11	14	6	7	11	9	10	39	14	6	16	8	13	8	73	43	7	6	8	3	0	2	3	6	8	117	5	3	6	8	46	4	9	9	7	8	6	9	4	9	5	5	6	11	11	84	17	6	5	10	8	9	7	10	7	10	7	12	7	9	7	18	7	9	12	7	9	7	6	10	14	10	8	9	9	8	7	9	9	7	7	10	6	7	13	8	23	9	9	10	8	9	11	9	9	7	63	10	10	46	9	69	9	16	9	57	10	13	9	12	11	10	8	10	9	15	8	7	9	9	8	9	12	7	12	11	9	8	10	11	10	15	8	11	11	10	7	9	9	10	8	7	9	13	9	11	10	11	11	14	11	9	15	13	11	11	9	8	9	8	9	7	7	12
12G08	17	27	12	12	15	7	14	14	19	25	119	26	11	5	9	10	6	10	8	11	6	7	9	7	9	9	14	6	5	9	7	8	39	14	6	16	6	11	8	71	41	5	4	6	1	2	0	1	4	10	117	3	3	6	6	48	4	9	11	5	8	4	7	2	7	5	5	6	9	9	84	17	6	3	10	8	7	7	10	7	8	7	10	5	7	7	16	9	9	12	5	9	5	6	10	12	8	6	7	9	6	5	7	7	5	7	8	4	7	13	8	25	9	7	8	6	7	9	7	7	9	63	8	8	46	11	69	11	14	7	57	8	11	7	12	11	10	8	8	9	15	6	5	7	9	6	7	10	5	12	9	7	6	12	9	10	13	8	9	9	8	7	7	7	8	8	5	7	11	9	9	8	11	11	12	11	9	13	11	11	9	7	8	7	8	7	5	5	12
12G09	18	26	11	11	14	6	13	13	18	24	118	25	10	4	8	9	5	9	7	10	5	6	8	6	8	8	13	5	4	8	6	7	38	13	5	15	5	10	7	70	40	4	3	5	0	3	1	0	3	9	116	2	2	5	5	47	3	8	10	4	7	3	6	3	8	6	4	5	8	8	83	18	5	2	9	7	6	6	9	6	7	6	9	4	6	6	15	8	8	11	4	8	4	5	9	13	9	5	6	8	5	4	6	6	4	6	7	3	6	12	7	24	8	6	7	5	6	8	6	6	8	62	7	7	45	10	68	10	15	6	56	7	12	6	11	10	9	7	7	8	14	5	4	6	8	5	6	9	4	11	10	6	5	11	8	9	12	7	8	8	7	6	6	6	7	7	4	6	10	8	8	7	10	10	13	10	8	14	10	10	8	8	7	8	7	8	6	6	11
12G10	19	25	10	10	13	5	12	12	17	23	119	24	9	3	7	8	6	8	6	9	4	5	7	5	7	9	14	4	5	7	5	10	39	12	6	18	8	13	8	73	41	7	6	6	3	6	4	3	0	10	115	1	5	4	6	46	4	7	9	5	8	6	5	6	11	7	5	6	11	7	84	17	6	5	8	8	5	5	8	9	10	7	10	5	7	7	18	7	7	10	5	7	5	6	12	12	10	6	5	7	4	5	5	7	5	5	6	6	7	11	8	23	7	7	8	6	5	9	5	5	9	61	6	6	44	9	67	9	16	7	55	8	13	7	10	9	10	8	6	9	13	6	5	7	7	6	5	8	7	10	11	5	8	10	7	8	11	8	7	7	8	5	5	5	6	8	5	5	9	9	9	8	9	9	12	9	7	15	9	9	7	9	8	9	8	7	7	7	10
12G11	25	23	10	8	17	9	16	16	17	25	111	28	11	7	11	10	12	10	14	9	10	9	9	13	9	15	20	10	13	11	9	16	37	12	12	20	14	19	12	73	47	9	12	14	9	8	10	9	10	0	109	9	9	10	12	42	10	9	9	11	10	12	9	12	17	7	9	6	15	15	80	17	10	9	10	8	9	7	10	9	12	7	12	11	13	11	22	7	9	12	11	9	9	8	12	16	14	10	9	9	8	9	9	11	7	7	10	8	9	13	10	23	9	11	12	10	9	15	9	9	11	63	10	10	44	9	67	9	22	13	55	12	17	11	12	11	12	10	10	11	15	10	9	11	9	10	9	12	9	12	15	9	10	10	11	10	15	10	11	11	12	7	9	11	12	12	11	11	15	13	15	14	11	9	16	11	9	19	13	9	11	15	12	15	12	11	13	11	12
12G12	120	102	111	107	116	110	121	115	108	98	74	113	112	112	114	113	115	113	115	114	115	114	114	116	112	114	113	115	116	112	114	121	98	107	117	109	121	126	121	100	92	112	119	119	116	117	117	116	115	109	0	114	116	111	117	75	117	110	112	118	113	119	112	119	124	114	116	113	120	114	87	114	115	114	115	115	112	112	109	116	117	114	117	116	114	116	129	110	110	107	116	110	112	113	115	119	115	113	110	114	111	112	112	112	114	114	113	115	112	118	111	110	112	114	115	113	112	118	110	110	114	100	111	109	85	110	82	110	125	114	84	113	120	112	109	114	113	111	115	114	108	113	112	112	114	113	112	109	114	117	120	112	115	109	114	115	118	113	112	114	115	112	110	114	113	115	114	114	116	116	118	115	114	112	117	108	112	120	112	108	112	116	115	116	115	112	114	112	107
12H01	18	24	9	9	12	4	11	11	16	22	118	23	8	2	6	7	5	7	5	8	3	4	6	4	6	8	13	3	4	6	4	9	38	11	5	17	7	12	7	72	42	6	5	5	2	5	3	2	1	9	114	0	4	3	5	45	3	6	8	4	7	5	4	5	10	6	4	5	10	6	83	16	5	4	7	7	4	4	7	8	9	6	9	4	6	6	17	6	6	9	4	6	4	5	11	11	9	5	4	6	3	4	4	6	4	4	5	5	6	10	7	22	6	6	7	5	4	8	4	4	8	60	5	5	43	8	66	8	15	6	54	7	12	6	9	8	9	7	5	8	12	5	4	6	6	5	4	7	6	9	10	4	7	9	6	7	10	7	6	6	7	4	4	4	5	7	4	4	8	8	8	7	8	8	11	8	6	14	8	8	6	8	7	8	7	6	6	6	9
12H02	18	24	9	9	14	6	15	11	16	22	118	23	8	6	6	7	3	7	7	8	3	4	6	6	6	8	13	3	4	8	8	9	38	11	7	17	7	12	7	70	40	4	5	7	2	3	3	2	5	9	116	4	0	5	5	45	3	6	8	6	5	5	6	5	10	8	6	3	8	8	85	18	3	2	7	5	6	4	7	4	9	4	9	6	8	6	17	6	6	9	6	6	4	3	9	13	9	5	6	6	5	6	8	6	6	6	9	5	6	10	5	22	6	6	7	5	6	8	6	6	6	60	7	7	43	8	66	8	15	6	54	7	12	6	9	8	9	7	9	6	12	5	4	6	6	5	6	9	4	9	12	6	5	9	8	7	12	5	8	8	7	4	6	6	7	5	4	6	10	6	8	7	8	8	13	8	6	14	10	10	8	8	5	8	5	8	6	6	9
12H04	19	23	10	8	13	5	14	12	17	21	117	22	9	5	7	8	6	8	6	7	4	3	7	5	7	9	12	4	5	7	7	10	39	12	6	16	10	15	10	73	43	7	8	8	5	6	6	5	4	10	111	3	5	0	6	44	6	7	7	7	8	8	5	8	13	7	5	6	11	7	82	15	6	5	8	8	5	5	8	9	12	7	10	7	9	9	20	5	7	10	7	7	5	6	10	12	10	6	5	7	4	7	7	7	7	7	8	8	5	11	8	19	7	7	8	6	5	9	5	5	7	61	6	6	44	7	67	7	16	7	53	8	13	7	10	9	8	6	8	9	13	6	5	7	7	6	5	8	7	10	13	5	8	8	7	8	11	8	7	7	8	5	5	5	6	8	5	5	9	9	9	8	9	9	12	9	7	15	9	7	7	9	8	9	8	7	7	7	10
12H05	17	27	12	12	15	7	14	12	19	25	121	26	11	7	9	10	8	10	8	11	6	7	9	7	9	11	16	6	7	7	9	12	41	14	10	20	10	13	10	71	43	7	8	8	5	8	6	5	6	12	117	5	5	6	0	48	6	9	11	7	10	8	7	8	13	9	7	6	5	7	86	17	6	5	8	6	7	7	10	9	10	7	10	9	11	11	18	9	9	12	9	9	7	8	10	14	10	8	7	9	6	9	9	9	7	9	10	8	9	9	10	21	9	7	8	6	5	11	7	7	11	63	8	8	46	11	69	11	16	7	55	10	11	9	12	9	8	10	10	7	15	8	7	9	7	8	7	10	7	10	13	7	8	12	7	8	13	10	9	9	8	7	7	7	8	10	7	7	11	11	11	10	9	11	14	11	9	17	9	11	9	11	10	11	10	9	9	9	12
12H08	57	47	42	38	49	41	52	48	47	47	97	50	41	43	43	42	44	42	46	43	44	43	41	47	41	49	52	44	47	45	45	54	65	40	48	54	52	57	50	63	43	43	50	50	47	46	48	47	46	42	75	45	45	44	48	0	46	39	41	49	42	50	43	50	55	45	47	42	51	47	74	47	44	45	44	44	43	41	38	45	50	43	48	47	47	47	60	39	39	38	47	41	43	42	48	50	46	44	41	43	42	45	43	43	45	43	44	46	43	47	40	51	39	43	46	44	43	49	41	41	43	71	42	40	40	41	57	37	56	45	69	44	51	43	40	43	46	42	46	45	45	44	43	43	43	44	43	42	45	46	51	43	46	42	45	44	49	42	43	45	46	41	41	45	44	44	45	45	49	45	49	46	41	39	48	41	41	51	45	39	43	47	44	47	44	43	45	43	36
12H09	21	25	10	10	15	7	14	12	17	23	119	24	9	5	7	8	4	8	8	9	4	5	7	7	7	9	14	4	5	9	7	10	39	12	6	18	8	11	8	73	43	7	6	6	3	4	4	3	4	10	117	3	3	6	6	46	0	7	9	7	6	6	7	6	11	9	7	6	9	9	86	17	2	5	6	6	7	5	8	7	10	7	12	5	7	5	16	7	7	10	5	7	5	4	10	14	8	6	7	7	6	5	7	7	7	5	8	6	7	9	6	21	7	5	6	4	5	9	7	7	7	61	8	8	44	9	67	9	14	5	53	8	11	7	10	7	8	8	8	5	13	6	5	7	5	6	7	10	7	10	9	7	8	10	7	6	13	6	9	9	6	5	7	7	8	6	5	7	11	7	9	8	7	9	14	9	7	15	9	11	9	9	6	9	6	9	7	7	10
12H10	20	20	5	5	10	2	13	9	12	18	118	23	4	4	4	3	7	3	7	6	5	6	4	8	2	10	15	5	8	6	6	15	38	7	11	23	13	18	11	70	44	4	11	11	8	9	9	8	7	9	110	6	6	7	9	39	7	0	4	10	3	11	4	11	16	8	10	3	12	10	85	16	5	6	5	5	4	2	3	6	11	4	9	8	8	8	21	2	2	5	8	2	4	3	11	11	7	5	2	4	3	6	4	4	6	4	7	7	6	8	3	20	2	6	7	5	4	10	2	2	6	54	3	1	37	4	60	4	17	6	50	5	12	4	5	4	9	5	7	6	8	5	4	4	4	5	4	7	6	7	12	4	7	7	6	5	10	3	4	6	7	2	2	6	5	5	6	6	10	6	10	7	4	4	9	4	2	12	6	6	4	8	5	8	5	4	6	4	3
12H11	22	20	7	5	12	4	15	11	14	20	116	23	6	6	6	5	9	5	9	6	7	6	6	10	4	12	13	7	10	8	8	17	38	9	11	23	15	20	13	74	48	6	13	13	10	9	11	10	9	9	112	8	8	7	11	41	9	4	0	12	5	13	6	13	18	8	10	5	14	12	83	16	7	8	7	7	6	4	5	8	13	6	11	10	10	10	23	2	4	7	10	4	6	5	11	13	9	7	4	6	5	8	6	6	8	6	9	9	6	10	5	20	4	8	9	7	6	12	4	4	6	56	5	5	39	4	64	4	19	8	52	7	14	6	7	6	9	5	9	8	10	7	6	6	6	7	6	9	8	9	14	6	9	7	8	7	12	5	6	8	9	4	4	8	7	7	8	8	12	8	12	9	6	6	11	6	4	14	8	6	6	10	7	10	7	6	8	6	7
13A01	20	28	13	13	16	8	13	13	20	26	118	27	12	6	8	11	7	11	7	12	5	8	10	6	10	10	15	5	6	10	6	7	36	15	5	15	5	10	5	74	44	8	5	7	4	7	5	4	5	11	118	4	6	7	7	49	7	10	12	0	11	1	8	3	6	6	4	7	8	8	83	18	9	6	9	9	8	8	11	10	9	8	7	4	8	8	13	10	10	13	4	10	8	9	13	15	13	9	8	8	7	8	6	10	4	6	7	5	10	14	11	26	10	10	11	9	8	8	8	8	10	64	7	9	47	10	70	12	17	8	58	9	14	8	13	10	11	9	7	12	16	9	8	10	10	9	8	11	8	13	10	8	9	13	8	9	10	9	8	8	11	8	8	6	7	9	6	6	8	10	8	7	12	12	15	12	10	18	12	12	10	10	9	10	9	10	10	10	13
13A02	21	21	6	6	11	3	14	10	13	19	119	24	5	5	5	4	6	4	8	7	6	7	5	9	3	9	14	6	7	7	7	14	39	8	10	22	12	17	12	71	45	3	10	10	7	8	8	7	8	10	113	7	5	8	10	42	6	3	5	11	0	10	5	10	15	9	11	4	11	11	86	17	4	5	6	6	5	3	4	3	10	5	10	7	7	7	20	3	3	6	7	3	3	2	10	12	6	4	3	5	4	5	5	3	7	5	8	6	3	9	2	21	3	5	6	4	5	9	3	3	5	57	4	4	40	5	63	5	16	5	51	4	11	3	6	5	8	4	8	5	9	4	3	3	5	4	5	8	5	8	11	5	6	8	7	6	11	2	5	7	6	3	3	7	6	4	5	7	11	5	9	6	5	5	10	5	3	11	7	7	5	7	4	7	4	5	5	3	6
13A03	21	29	14	14	17	9	14	14	21	27	119	28	13	7	9	12	6	12	8	13	6	9	11	7	11	9	14	6	5	11	7	6	37	16	4	14	4	9	6	73	43	7	4	6	3	6	4	3	6	12	119	5	5	8	8	50	6	11	13	1	10	0	9	2	5	7	5	8	7	9	84	19	8	5	10	10	9	9	12	9	8	9	8	3	7	7	12	11	11	14	3	11	7	8	12	16	12	8	9	9	8	7	7	9	5	7	8	4	9	15	10	27	11	9	10	8	9	7	9	9	9	65	8	10	48	11	71	13	16	7	59	8	13	7	14	11	10	8	8	11	17	8	7	9	11	8	9	12	7	14	9	9	8	14	9	10	11	8	9	9	10	9	9	7	8	8	5	7	9	9	7	6	13	13	16	13	11	17	13	13	11	9	8	9	8	11	9	9	14
13A04	20	22	7	7	10	2	11	11	14	20	118	23	6	2	6	5	7	5	7	6	5	6	4	6	4	10	15	5	6	4	4	13	38	9	9	21	11	16	11	68	42	4	9	9	6	9	7	6	5	9	112	4	6	5	7	43	7	4	6	8	5	9	0	9	14	6	8	3	10	8	83	14	5	4	5	5	2	2	5	6	7	4	7	6	8	8	19	4	4	7	6	4	2	3	9	9	7	3	2	4	1	4	4	4	4	4	5	5	4	6	5	20	4	4	5	3	2	8	2	2	8	58	3	3	41	6	64	6	15	6	52	5	10	4	7	6	7	5	5	6	10	3	2	4	4	3	2	5	4	7	10	2	5	7	4	5	8	5	4	4	5	2	2	4	5	7	4	4	8	8	8	7	6	6	9	6	4	12	6	6	4	8	7	8	7	4	6	4	7
13A08	19	29	14	14	17	9	14	16	21	27	119	28	13	7	9	12	6	12	8	13	6	9	11	7	11	9	14	6	5	11	7	6	37	16	4	14	4	9	6	73	43	7	4	8	3	4	2	3	6	12	119	5	5	8	8	50	6	11	13	3	10	2	9	0	5	5	5	8	7	9	84	19	8	5	10	10	9	9	12	9	8	9	10	5	7	9	14	11	11	14	3	11	7	8	12	14	10	8	9	9	8	7	7	9	5	7	8	4	9	15	10	27	11	9	10	8	9	9	9	9	9	65	8	10	48	11	71	13	14	7	59	8	13	7	14	11	10	8	8	11	17	8	7	9	11	8	9	12	7	14	9	9	8	14	9	10	13	8	9	9	10	9	9	7	8	8	5	7	11	9	9	8	13	13	14	13	11	15	13	13	11	7	8	7	8	9	7	7	14
13A10	22	34	17	19	22	14	19	19	26	32	124	33	18	12	14	17	11	17	13	18	11	14	14	12	16	14	19	11	10	14	12	9	42	21	9	19	7	10	11	74	48	12	9	9	8	9	7	8	11	17	124	10	10	13	13	55	11	16	18	6	15	5	14	5	0	10	8	13	12	14	89	16	13	10	15	15	12	14	17	12	11	14	11	8	12	12	11	16	16	19	8	16	12	13	13	11	15	11	14	12	13	12	12	14	10	12	11	9	14	16	15	28	16	14	11	13	14	8	14	14	14	70	13	15	53	16	76	18	15	12	64	11	12	12	19	14	15	13	11	16	22	11	12	12	14	11	12	15	10	15	8	12	11	19	12	13	14	13	12	10	13	14	14	10	11	11	10	10	10	12	10	11	16	18	15	18	14	14	18	18	14	10	11	10	11	12	12	12	19
13A11	20	24	11	9	14	6	11	15	18	24	114	27	10	4	10	9	11	9	11	8	9	8	8	10	8	14	17	9	10	8	4	11	36	13	7	17	9	14	9	72	46	6	7	11	6	5	5	6	7	7	114	6	8	7	9	45	9	8	8	6	9	7	6	5	10	0	4	5	10	12	79	14	9	6	7	7	6	6	9	8	7	6	7	6	8	10	17	6	8	11	6	8	6	7	9	11	9	7	6	8	5	6	4	8	2	4	5	3	6	12	9	22	8	8	9	7	6	12	6	6	10	62	7	7	45	8	68	8	17	10	56	9	12	8	11	10	9	7	5	10	14	7	6	8	8	7	6	9	6	11	8	6	7	9	8	9	12	9	8	8	9	6	6	8	9	11	8	8	12	12	12	11	10	10	11	10	8	14	10	8	8	10	11	10	11	6	8	6	11
13B01	20	26	13	11	16	8	13	15	20	26	116	27	12	6	10	11	9	11	9	10	7	6	8	8	10	12	15	7	8	10	6	7	38	15	5	15	5	10	7	74	44	8	5	9	4	5	5	4	5	9	116	4	6	5	7	47	7	10	10	4	11	5	8	5	8	4	0	7	10	10	81	18	9	6	9	9	6	8	11	8	9	8	9	6	8	10	15	8	10	13	6	10	8	9	9	13	13	7	8	8	7	8	6	10	4	6	5	5	8	12	11	22	10	10	9	9	8	10	8	8	10	64	9	9	47	10	70	10	17	10	58	11	14	10	13	12	11	9	5	12	16	7	8	10	8	9	8	9	6	11	10	6	7	11	8	9	12	11	8	8	9	8	8	6	7	9	8	6	10	10	10	11	12	12	15	12	10	16	12	10	10	10	9	12	9	8	10	10	13
13B03	19	21	6	6	11	3	12	10	13	19	115	22	5	3	5	4	6	4	8	5	4	5	3	7	3	11	16	4	7	5	5	12	35	8	10	20	10	15	8	69	43	3	8	10	5	6	6	5	6	6	113	5	3	6	6	42	6	3	5	7	4	8	3	8	13	5	7	0	9	9	82	15	4	3	4	2	3	1	4	3	8	1	6	7	9	7	18	3	3	6	7	3	3	2	8	10	8	4	3	3	2	5	5	5	3	3	6	4	5	7	4	19	3	5	6	4	3	9	3	3	7	57	4	4	40	5	63	5	16	7	51	6	11	5	6	5	8	6	6	5	9	4	3	5	3	4	3	6	3	6	11	3	4	6	5	4	9	4	5	5	6	1	3	5	6	6	5	5	9	7	9	8	5	5	10	5	3	13	7	7	5	9	6	9	6	5	7	5	6
13B07	22	30	15	15	18	10	15	17	22	28	122	31	14	10	12	13	9	13	11	14	9	12	12	10	12	12	17	9	8	10	10	11	38	17	9	19	9	10	9	72	46	8	9	11	8	11	9	8	11	15	120	10	8	11	5	51	9	12	14	8	11	7	10	7	12	10	10	9	0	10	87	20	7	6	9	9	10	10	13	10	9	10	11	8	10	12	15	12	12	15	6	12	8	9	11	17	11	9	10	10	9	10	10	10	8	10	11	7	10	12	11	24	12	8	9	7	8	10	10	10	10	66	9	11	49	12	72	14	15	6	58	9	12	8	15	10	7	9	11	8	18	9	8	10	10	9	10	13	8	13	12	10	9	15	8	9	14	9	10	10	9	10	10	8	9	9	6	8	12	10	10	9	12	14	17	14	12	18	12	14	12	10	9	10	9	12	10	10	15
13B10	20	28	13	13	16	8	17	15	20	26	122	27	12	8	8	11	7	11	7	12	5	8	10	6	10	10	15	5	6	8	10	13	42	15	9	21	11	16	11	74	46	10	11	9	8	11	9	8	7	15	114	6	8	7	7	47	9	10	12	8	11	9	8	9	14	12	10	9	10	0	83	20	9	8	11	11	8	8	11	12	15	10	13	10	12	12	21	10	10	13	8	10	8	9	15	15	13	9	8	8	7	10	10	10	10	10	11	11	10	12	11	24	10	10	11	9	8	10	8	8	10	64	7	9	47	10	70	12	17	8	56	9	14	8	13	10	9	9	11	10	16	9	8	10	10	9	8	11	10	13	16	8	11	13	8	9	12	9	8	8	11	8	8	6	7	9	6	6	10	10	10	9	12	12	15	12	10	18	12	12	10	10	9	10	9	10	10	10	13
13B11	95	81	86	84	83	83	88	90	89	79	71	78	85	81	87	84	86	84	88	83	86	85	85	85	85	91	84	86	87	83	81	84	79	86	84	84	86	89	86	101	89	83	84	88	83	84	84	83	84	80	87	83	85	82	86	74	86	85	83	83	86	84	83	84	89	79	81	82	87	83	0	87	86	83	84	82	83	83	84	85	82	81	84	83	85	87	94	83	83	82	83	85	83	84	86	90	88	84	83	85	82	83	81	85	79	81	80	80	83	89	84	85	85	85	86	84	83	89	83	83	87	73	84	84	80	85	59	83	96	87	85	86	91	85	82	87	86	84	82	85	85	84	83	85	85	84	83	80	83	88	87	83	84	78	85	86	87	86	85	85	84	83	83	85	86	88	85	85	87	89	87	88	87	85	90	83	85	93	85	83	85	89	88	89	88	85	87	85	84
13B12	28	30	15	15	22	14	23	21	24	32	118	33	18	14	18	17	19	17	19	16	17	16	16	18	16	20	25	17	18	14	14	25	50	21	19	31	23	24	23	72	50	16	21	17	18	17	17	18	17	17	114	16	18	15	17	47	17	16	16	18	17	19	14	19	16	14	18	15	20	20	87	0	15	16	15	15	14	14	17	18	19	16	13	16	20	18	23	14	16	17	18	16	14	15	15	13	15	15	14	16	13	16	16	16	16	16	17	17	14	16	15	24	16	14	13	13	12	16	14	14	18	66	15	15	45	16	68	16	21	16	58	15	14	16	19	14	15	15	17	16	22	15	14	14	14	13	12	17	16	17	14	14	17	17	14	15	18	17	16	14	15	14	14	16	17	19	16	16	16	20	18	17	14	16	15	16	14	18	16	14	14	18	19	16	19	14	16	14	19
13C01	21	23	8	8	13	5	14	12	15	21	119	24	7	5	7	6	4	6	8	7	4	5	5	7	5	9	14	4	5	7	7	12	39	10	8	20	10	13	10	71	43	5	8	8	5	6	6	5	6	10	115	5	3	6	6	44	2	5	7	9	4	8	5	8	13	9	9	4	7	9	86	15	0	3	4	4	5	3	6	5	10	5	10	5	7	5	16	5	5	8	5	5	3	2	8	12	6	4	5	5	4	5	7	5	7	5	8	6	5	7	4	19	5	3	4	2	3	7	5	5	5	59	6	6	42	7	65	7	12	3	51	6	9	5	8	5	6	6	8	3	11	4	3	5	3	4	5	8	5	8	9	5	6	8	5	4	11	4	7	7	4	3	5	5	6	4	3	5	9	5	7	6	5	7	12	7	5	13	7	9	7	7	4	7	4	7	5	5	8
13C04	18	24	9	9	12	4	13	13	16	22	118	25	8	4	8	7	5	7	7	8	5	6	6	6	6	8	13	5	4	6	6	9	38	11	7	17	7	12	9	68	40	2	5	7	2	5	3	2	5	9	114	4	2	5	5	45	5	6	8	6	5	5	4	5	10	6	6	3	6	8	83	16	3	0	7	5	4	4	7	4	7	4	7	4	6	6	15	6	6	9	4	6	2	3	7	11	7	3	4	6	3	4	6	4	4	6	7	3	4	10	5	22	6	4	5	3	4	6	4	4	6	60	5	5	43	8	66	8	13	4	54	5	10	4	9	8	7	5	7	6	12	3	2	4	6	3	4	7	2	9	10	4	3	9	6	7	10	5	6	6	5	4	4	4	5	5	2	4	8	6	6	5	8	8	11	8	6	12	8	8	6	6	5	6	5	6	4	4	9
13C05	23	23	8	8	13	5	12	12	15	19	117	24	7	5	7	6	8	6	10	7	6	7	5	9	3	13	18	6	9	7	5	14	37	8	10	22	12	15	10	73	47	7	10	12	9	10	10	9	8	10	115	7	7	8	8	44	6	5	7	9	6	10	5	10	15	7	9	4	9	11	84	15	4	7	0	4	5	3	6	7	10	5	8	7	9	9	18	5	5	8	7	5	5	4	10	12	8	6	5	5	4	7	5	7	5	3	6	6	7	7	6	19	5	5	6	4	3	11	5	5	9	59	6	6	40	7	65	7	16	7	51	8	11	7	8	5	8	8	6	5	11	6	5	7	3	6	5	8	7	8	9	5	8	8	5	4	11	6	7	7	6	3	5	7	8	8	7	7	11	9	11	10	5	5	12	7	5	15	7	9	7	11	8	11	8	7	9	7	8
13C10	21	23	8	8	13	5	14	12	15	21	115	24	7	5	7	6	8	6	10	7	6	7	5	9	5	13	18	6	9	7	7	14	37	10	12	22	12	15	10	71	45	5	10	12	7	8	8	7	8	8	115	7	5	8	6	44	6	5	7	9	6	10	5	10	15	7	9	2	9	11	82	15	4	5	4	0	5	3	6	5	10	3	8	9	11	9	18	5	5	8	9	5	5	4	8	12	8	6	5	5	4	7	7	7	5	5	8	6	7	7	6	19	5	5	6	4	3	11	5	5	9	59	6	6	42	7	65	7	16	7	51	8	11	7	8	5	8	8	8	5	11	6	5	7	3	6	5	8	5	8	11	5	6	8	5	4	11	6	7	7	6	3	5	7	8	8	7	7	11	9	11	10	5	7	12	7	5	15	7	9	7	11	8	11	8	7	9	7	8
13C12	20	22	7	7	10	2	11	11	14	20	118	23	6	2	6	5	7	5	7	6	5	6	2	6	4	10	15	5	6	4	4	11	38	9	9	21	9	14	11	70	44	4	9	9	6	9	7	6	5	9	112	4	6	5	7	43	7	4	6	8	5	9	2	9	12	6	6	3	10	8	83	14	5	4	5	5	0	2	5	4	9	4	7	6	8	8	17	4	4	7	6	4	2	3	7	7	7	1	2	2	1	4	4	4	4	4	3	5	4	6	5	18	4	4	3	3	2	6	2	2	8	58	3	3	41	6	64	6	13	6	52	5	8	4	7	6	7	5	3	6	10	1	2	4	2	3	2	3	2	5	8	0	3	7	2	3	6	5	2	2	3	2	2	2	3	5	4	2	6	6	6	7	6	6	9	6	4	10	6	6	4	6	5	8	5	2	6	4	7
13D01	20	20	5	5	10	2	11	9	12	18	116	21	4	2	4	3	5	3	7	4	3	4	2	6	2	10	15	3	6	4	4	13	36	7	9	21	11	16	9	70	44	4	9	9	6	7	7	6	5	7	112	4	4	5	7	41	5	2	4	8	3	9	2	9	14	6	8	1	10	8	83	14	3	4	3	3	2	0	3	4	9	2	7	6	8	6	19	2	2	5	6	2	2	1	9	9	7	3	2	2	1	4	4	4	4	2	5	5	4	6	3	18	2	4	5	3	2	8	2	2	6	56	3	3	39	4	62	4	15	6	50	5	10	4	5	4	7	5	5	4	8	3	2	4	2	3	2	5	4	5	10	2	5	5	4	3	8	3	4	4	5	0	2	4	5	5	4	4	8	6	8	7	4	4	9	4	2	12	6	6	4	8	5	8	5	4	6	4	5
13D03	21	17	6	4	11	3	14	10	11	15	115	24	5	5	5	4	6	4	8	7	6	7	5	9	3	11	16	6	9	7	7	16	37	8	12	24	14	19	12	71	43	5	12	12	9	10	10	9	8	10	109	7	7	8	10	38	8	3	5	11	4	12	5	12	17	9	11	4	13	11	84	17	6	7	6	6	5	3	0	7	12	5	10	9	9	9	22	3	1	6	9	3	5	4	12	12	8	6	3	5	4	7	5	5	7	5	8	8	7	9	4	21	3	7	8	6	5	11	3	3	7	55	4	4	40	5	61	5	18	7	49	6	13	5	4	5	10	6	8	7	9	6	5	5	5	6	5	6	7	8	13	5	8	6	7	6	11	4	5	7	8	3	3	7	6	6	7	7	11	7	11	8	5	5	10	3	3	13	7	7	5	9	6	9	6	5	7	5	6
13D07	22	24	9	9	14	6	15	13	16	22	118	25	8	6	8	7	7	7	11	8	7	8	4	10	6	12	17	7	8	8	8	11	38	11	11	21	9	14	11	70	44	4	9	11	6	7	7	6	9	9	116	8	4	9	9	45	7	6	8	10	3	9	6	9	12	8	8	3	10	12	85	18	5	4	7	5	4	4	7	0	9	4	9	8	10	8	17	6	6	9	8	6	4	3	7	11	9	3	6	4	5	6	8	6	6	6	7	5	4	8	5	20	6	6	5	5	6	8	6	6	8	60	7	7	43	8	66	8	15	8	54	7	10	6	9	8	9	7	7	6	12	3	4	6	4	5	6	7	2	7	10	4	3	9	6	5	10	5	6	6	5	4	6	6	7	5	6	6	10	6	8	9	8	8	13	8	6	12	10	10	8	8	5	10	5	6	8	6	9
13D09	25	29	14	14	17	9	12	16	21	27	117	30	13	7	13	12	12	12	14	13	12	13	11	13	11	15	20	12	11	9	7	12	39	16	10	20	10	15	12	69	45	7	8	10	7	10	8	7	10	12	117	9	9	12	10	50	10	11	13	9	10	8	7	8	11	7	9	8	9	15	82	19	10	7	10	10	9	9	12	9	0	9	8	7	9	11	16	11	11	14	7	11	7	8	10	14	12	8	9	11	8	7	7	9	5	7	8	4	9	13	10	27	11	9	10	8	9	13	9	9	13	63	10	10	46	13	69	13	18	11	59	10	15	9	14	13	12	10	8	11	17	8	7	7	11	8	7	12	7	12	9	9	8	14	11	12	15	10	11	9	10	9	9	11	12	12	9	11	15	13	13	12	13	13	14	13	11	15	13	13	9	13	12	11	12	11	11	9	14
13D11	20	22	7	7	12	4	13	11	14	20	116	23	6	4	6	5	7	5	9	6	5	6	4	8	4	12	17	5	8	6	6	13	36	9	11	21	11	16	9	70	44	4	9	11	6	7	7	6	7	7	114	6	4	7	7	43	7	4	6	8	5	9	4	9	14	6	8	1	10	10	81	16	5	4	5	3	4	2	5	4	9	0	7	8	10	8	19	4	4	7	8	4	4	3	9	11	9	5	4	4	3	6	6	6	4	4	7	5	6	8	5	20	4	6	7	5	4	10	4	4	8	56	5	5	41	6	62	6	17	8	50	7	12	6	7	6	9	7	7	6	10	5	4	6	4	5	4	7	4	7	12	4	5	7	6	5	10	5	6	6	7	2	4	6	7	7	6	6	10	8	10	9	6	6	11	6	4	14	8	8	6	10	7	10	7	6	8	6	7
13D12	23	27	12	12	15	7	14	14	19	25	119	28	11	7	11	10	12	10	12	11	10	11	9	11	9	15	20	10	11	7	7	14	39	14	12	22	12	17	12	69	45	7	10	10	9	12	10	9	10	12	117	9	9	10	10	48	12	9	11	7	10	8	7	10	11	7	9	6	11	13	84	13	10	7	8	8	7	7	10	9	8	7	0	7	11	11	14	9	9	12	9	9	7	8	10	12	12	8	7	9	6	9	7	9	5	7	8	6	9	13	10	25	9	9	10	8	7	11	7	7	13	63	8	8	46	11	69	11	18	11	57	10	13	9	12	11	12	10	8	11	15	8	7	7	9	8	5	10	7	12	9	7	8	12	9	10	11	10	9	7	10	7	7	9	10	12	9	9	11	13	11	10	11	11	12	11	9	15	11	11	7	13	12	11	12	9	11	9	12
13E02	22	26	11	11	14	6	11	13	18	24	118	27	10	4	10	9	7	9	9	10	7	8	8	8	8	10	15	7	6	8	4	9	38	13	5	17	7	12	9	72	44	6	5	5	4	7	5	4	5	11	116	4	6	7	9	47	5	8	10	4	7	3	6	5	8	6	6	7	8	10	83	16	5	4	7	9	6	6	9	8	7	8	7	0	4	4	13	8	8	11	2	8	4	5	11	13	9	5	6	8	5	4	4	6	4	4	5	3	6	12	7	24	8	6	7	5	6	6	6	6	8	62	7	7	45	10	68	10	15	6	56	7	10	6	11	10	9	7	5	8	14	5	4	6	8	5	6	9	6	11	6	6	7	11	8	9	10	7	8	8	7	6	6	6	7	7	4	6	8	8	6	5	10	10	13	10	8	14	10	10	8	8	7	8	7	8	6	6	11
13E04	20	26	11	11	12	6	11	15	18	24	118	29	8	6	10	9	9	9	9	12	9	10	10	10	8	10	15	9	8	10	6	11	40	11	7	19	9	14	11	72	44	6	7	9	6	9	7	6	7	13	114	6	8	9	11	47	7	8	10	8	7	7	8	7	12	8	8	9	10	12	85	20	7	6	9	11	8	8	9	10	9	10	11	4	0	6	17	8	8	11	4	6	6	7	11	15	9	7	6	10	7	4	4	6	6	6	7	5	8	14	7	26	8	8	9	7	8	10	6	6	8	62	7	7	45	10	68	10	17	6	56	7	14	6	11	10	11	7	7	10	14	7	6	6	10	7	8	11	8	13	10	8	9	13	10	11	14	7	8	10	9	8	6	8	7	7	6	8	12	8	10	7	10	10	13	10	8	14	10	10	8	8	7	8	7	8	6	6	11
13E05	24	26	11	11	14	8	15	13	18	24	118	27	8	6	10	9	7	9	11	10	7	8	8	10	8	12	17	7	8	10	8	13	40	11	9	21	11	16	11	70	44	8	9	7	6	7	7	6	7	11	116	6	6	9	11	47	5	8	10	8	7	7	8	9	12	10	10	7	12	12	87	18	5	6	9	9	8	6	9	8	11	8	11	4	6	0	17	8	8	11	6	6	6	5	11	15	9	7	8	8	7	4	8	8	8	6	9	7	8	12	7	24	8	8	9	7	8	8	8	8	6	62	9	9	45	10	68	10	15	8	56	9	12	8	11	10	11	9	7	8	14	7	6	8	8	7	8	11	8	11	8	8	9	11	10	9	12	7	10	10	9	6	8	8	9	7	6	8	10	8	8	7	10	10	15	10	8	16	12	12	10	10	7	10	7	10	8	8	11
13E06	33	39	24	24	27	19	24	26	31	37	129	40	23	17	21	22	18	22	20	23	18	21	19	19	21	19	26	18	17	19	17	16	47	26	16	24	14	17	18	79	55	17	16	16	15	18	16	15	18	22	129	17	17	20	18	60	16	21	23	13	20	12	19	14	11	17	15	18	15	21	94	23	16	15	18	18	17	19	22	17	16	19	14	13	17	17	0	21	21	24	13	21	17	18	14	18	20	16	19	17	18	17	17	19	15	17	16	14	19	19	20	31	21	17	16	16	17	15	19	19	19	75	18	20	58	21	81	23	14	15	67	18	19	17	24	19	18	18	16	19	27	16	17	17	17	18	17	20	15	18	13	17	16	24	15	16	19	18	17	15	16	19	19	15	16	16	15	15	17	17	13	16	19	23	22	23	19	19	21	23	19	17	16	17	16	19	19	19	24
13E07	20	18	5	3	10	2	13	9	12	18	116	23	4	4	4	3	7	3	7	4	5	4	4	8	2	10	13	5	8	6	6	15	38	7	9	21	13	18	11	72	46	4	11	11	8	7	9	8	7	7	110	6	6	5	9	39	7	2	2	10	3	11	4	11	16	6	8	3	12	10	83	14	5	6	5	5	4	2	3	6	11	4	9	8	8	8	21	0	2	5	8	2	4	3	9	11	7	5	2	4	3	6	4	4	6	4	7	7	4	8	3	18	2	6	7	5	4	10	2	2	4	56	3	3	39	2	62	2	17	6	50	5	12	4	5	4	7	3	7	6	8	5	4	4	4	5	4	7	6	7	12	4	7	5	6	5	10	3	4	6	7	2	2	6	5	5	6	6	10	6	10	7	4	4	9	4	2	12	6	4	4	8	5	8	5	4	6	4	5
13E09	20	18	5	5	10	2	13	9	10	16	116	23	4	4	4	3	5	3	7	6	5	6	4	8	2	10	15	5	8	6	6	15	36	7	11	23	13	18	11	70	44	4	11	11	8	9	9	8	7	9	110	6	6	7	9	39	7	2	4	10	3	11	4	11	16	8	10	3	12	10	83	16	5	6	5	5	4	2	1	6	11	4	9	8	8	8	21	2	0	5	8	2	4	3	11	11	7	5	2	4	3	6	4	4	6	4	7	7	6	8	3	20	2	6	7	5	4	10	2	2	6	54	3	3	39	4	60	4	17	6	48	5	12	4	3	4	9	5	7	6	8	5	4	4	4	5	4	5	6	7	12	4	7	5	6	5	10	3	4	6	7	2	2	6	5	5	6	6	10	6	10	7	4	4	9	2	2	12	6	6	4	8	5	8	5	4	6	4	5
13E10	23	23	8	8	13	5	16	12	15	21	115	26	7	7	7	6	10	6	10	9	8	9	7	11	5	13	18	8	11	9	9	18	39	10	14	26	16	21	14	69	43	7	14	14	11	12	12	11	10	12	107	9	9	10	12	38	10	5	7	13	6	14	7	14	19	11	13	6	15	13	82	17	8	9	8	8	7	5	6	9	14	7	12	11	11	11	24	5	5	0	11	5	7	6	14	14	10	8	5	7	6	9	7	7	9	7	8	10	9	11	6	21	5	9	10	8	7	13	5	5	9	53	6	6	34	7	57	7	20	9	47	8	15	7	8	7	12	8	10	9	9	8	7	7	7	8	7	10	9	10	15	7	10	10	9	8	13	6	7	9	10	5	5	9	8	8	9	9	13	9	13	10	7	7	12	7	5	15	9	9	7	11	8	11	8	7	9	7	6
13F02	22	26	11	11	14	6	11	15	18	24	118	27	10	4	8	9	5	9	7	10	5	8	8	6	8	8	13	5	4	8	4	7	36	13	3	15	5	10	7	72	44	6	5	7	4	7	5	4	5	11	116	4	6	7	9	47	5	8	10	4	7	3	6	3	8	6	6	7	6	8	83	18	5	4	7	9	6	6	9	8	7	8	9	2	4	6	13	8	8	11	0	8	4	5	11	13	9	5	6	6	5	4	4	6	4	4	5	3	6	12	7	24	8	6	7	5	6	6	6	6	6	62	5	7	45	8	68	10	13	4	56	5	12	4	11	8	7	5	5	8	14	5	4	6	8	5	6	9	6	11	8	6	7	11	6	7	10	5	6	6	7	6	6	4	5	5	2	4	8	6	6	5	10	10	13	10	8	14	10	10	8	6	5	6	5	8	6	6	11
13F04	20	20	5	5	8	2	13	9	12	18	116	23	2	4	4	3	7	3	7	6	5	6	4	8	2	10	15	5	8	6	6	15	38	5	11	23	13	18	11	70	44	4	11	11	8	9	9	8	7	9	110	6	6	7	9	41	7	2	4	10	3	11	4	11	16	8	10	3	12	10	85	16	5	6	5	5	4	2	3	6	11	4	9	8	6	6	21	2	2	5	8	0	4	3	9	11	7	5	2	4	3	4	4	4	6	4	7	7	6	8	3	20	2	6	7	5	4	10	2	2	6	56	3	3	39	4	62	4	17	6	50	5	12	4	5	4	9	5	7	6	8	5	4	4	4	5	4	7	6	7	12	4	7	7	6	5	10	3	4	6	7	2	2	6	5	5	6	6	10	6	10	7	4	4	9	4	2	12	6	6	4	8	5	8	5	4	6	4	5
13F08	20	22	7	7	10	2	11	11	14	20	118	23	6	2	6	5	5	5	7	6	5	6	4	6	4	8	13	5	4	4	4	11	38	9	7	19	9	14	11	68	42	2	7	7	4	7	5	4	5	9	112	4	4	5	7	43	5	4	6	8	3	7	2	7	12	6	8	3	8	8	83	14	3	2	5	5	2	2	5	4	7	4	7	4	6	6	17	4	4	7	4	4	0	1	7	9	5	1	2	4	1	2	4	2	4	4	5	3	2	8	3	20	4	2	3	1	2	6	2	2	6	58	3	3	41	6	64	6	13	4	52	3	8	2	7	6	5	3	5	4	10	1	0	2	4	1	2	5	2	7	8	2	3	7	4	5	8	3	4	4	3	2	2	4	5	5	2	4	8	6	6	5	6	6	9	6	4	10	6	6	4	6	5	6	5	4	4	2	7
13F11	21	21	6	6	11	3	12	10	13	19	117	22	5	3	5	4	4	4	8	5	4	5	3	7	3	9	14	4	5	5	5	12	37	8	8	20	10	15	10	69	43	3	8	8	5	6	6	5	6	8	113	5	3	6	8	42	4	3	5	9	2	8	3	8	13	7	9	2	9	9	84	15	2	3	4	4	3	1	4	3	8	3	8	5	7	5	18	3	3	6	5	3	1	0	8	10	6	2	3	3	2	3	5	3	5	3	6	4	3	7	2	19	3	3	4	2	3	7	3	3	5	57	4	4	40	5	63	5	14	5	51	4	9	3	6	5	6	4	6	3	9	2	1	3	3	2	3	6	3	6	9	3	4	6	5	4	9	2	5	5	4	1	3	5	6	4	3	5	9	5	7	6	5	5	10	5	3	11	7	7	5	7	4	7	4	5	5	3	6
13G02	25	27	14	12	15	9	18	18	21	27	119	30	11	9	13	12	12	12	14	11	12	11	9	13	11	15	18	12	11	9	11	14	43	14	12	22	12	15	16	69	45	7	12	12	9	10	10	9	12	12	115	11	9	10	10	48	10	11	11	13	10	12	9	12	13	9	9	8	11	15	86	15	8	7	10	8	7	9	12	7	10	9	10	11	11	11	14	9	11	14	11	9	7	8	0	12	10	6	9	9	8	7	11	9	9	11	10	8	7	11	10	21	11	7	6	6	7	11	9	9	11	65	10	10	48	11	71	11	12	9	57	10	11	9	14	11	8	8	10	9	17	6	7	7	7	8	7	10	5	12	9	7	6	12	7	8	13	10	9	7	6	9	9	9	10	10	9	9	13	11	11	12	11	13	14	13	11	13	11	11	9	11	10	11	10	9	11	9	14
13G04	23	29	12	14	17	9	18	18	21	27	125	30	13	9	13	12	14	12	12	13	12	13	9	13	11	17	22	12	13	9	11	18	45	16	16	28	14	19	18	71	49	11	14	14	13	14	12	13	12	16	119	11	13	12	14	50	14	11	13	15	12	16	9	14	11	11	13	10	17	15	90	13	12	11	12	12	7	9	12	11	14	11	12	13	15	15	18	11	11	14	13	11	9	10	12	0	12	8	9	9	8	11	11	11	11	11	10	12	11	9	12	23	11	11	8	10	9	11	9	9	15	65	10	10	48	13	71	13	14	13	59	10	11	11	14	11	14	12	10	13	17	8	9	9	9	8	7	10	9	10	11	7	10	14	9	10	13	12	9	7	10	9	9	9	10	12	11	9	11	13	13	14	11	13	10	13	9	11	13	13	9	11	12	11	12	7	11	9	14
13G07	21	25	10	10	13	5	16	14	17	23	123	28	9	7	7	8	10	8	10	11	10	11	9	11	7	11	16	10	9	9	9	16	43	12	12	24	14	17	16	69	47	5	12	12	9	10	8	9	10	14	115	9	9	10	10	46	8	7	9	13	6	12	7	10	15	9	13	8	11	13	88	15	6	7	8	8	7	7	8	9	12	9	12	9	9	9	20	7	7	10	9	7	5	6	10	12	0	6	5	9	6	7	7	5	9	9	10	8	7	11	6	23	7	5	6	4	5	11	5	5	7	61	6	6	44	9	67	9	12	5	53	6	9	5	10	7	8	6	8	7	13	6	5	5	7	6	7	10	7	12	7	7	8	12	7	8	13	6	7	9	6	7	5	9	8	8	7	9	13	9	11	8	7	9	10	9	7	11	7	9	7	7	8	7	8	5	5	3	10
13G08	21	23	8	8	11	3	12	12	15	21	119	24	7	3	7	6	6	6	8	7	6	7	3	7	5	9	14	6	5	5	5	10	39	10	8	20	8	13	12	69	43	3	8	8	5	8	6	5	6	10	113	5	5	6	8	44	6	5	7	9	4	8	3	8	11	7	7	4	9	9	84	15	4	3	6	6	1	3	6	3	8	5	8	5	7	7	16	5	5	8	5	5	1	2	6	8	6	0	3	3	2	3	5	3	5	5	4	4	3	7	4	19	5	3	2	2	3	5	3	3	7	59	4	4	42	7	65	7	12	5	53	4	7	3	8	7	6	4	4	5	11	0	1	3	3	2	3	4	1	6	7	1	2	8	3	4	7	4	3	3	2	3	3	3	4	4	3	3	7	5	5	6	7	7	10	7	5	9	7	7	5	5	4	7	4	3	5	3	8
13G10	18	20	5	5	8	0	11	9	12	18	118	23	4	2	4	3	7	3	5	6	5	6	4	6	2	8	13	5	6	4	4	13	38	7	9	21	11	16	11	70	44	2	9	9	6	9	7	6	5	9	110	4	6	5	7	41	7	2	4	8	3	9	2	9	14	6	8	3	10	8	83	14	5	4	5	5	2	2	3	6	9	4	7	6	6	8	19	2	2	5	6	2	2	3	9	9	5	3	0	4	1	4	2	2	4	4	5	5	4	8	3	20	2	4	5	3	2	8	0	0	6	56	1	1	39	4	62	4	15	4	50	3	10	2	5	4	7	3	5	6	8	3	2	2	4	3	2	5	4	7	10	2	5	7	4	5	8	3	2	4	5	2	0	4	3	5	4	4	8	6	8	5	4	4	7	4	2	10	4	4	2	6	5	6	5	2	4	2	5
13G12	22	22	7	7	12	4	13	11	14	20	118	23	6	4	4	5	5	5	7	6	3	6	2	6	4	10	15	3	6	6	6	11	36	9	9	21	9	14	9	72	46	6	11	11	8	9	9	8	7	9	114	6	6	7	9	43	7	4	6	8	5	9	4	9	12	8	8	3	10	8	85	16	5	6	5	5	2	2	5	4	11	4	9	8	10	8	17	4	4	7	6	4	4	3	9	9	9	3	4	0	3	6	6	6	6	4	5	7	6	6	5	18	4	6	5	5	4	6	4	4	6	58	3	5	41	4	64	6	13	6	52	5	10	4	7	4	7	5	5	6	10	3	4	6	2	5	4	5	4	5	10	2	5	7	2	1	6	3	2	2	5	2	4	2	3	3	4	2	6	4	6	7	6	6	11	6	4	12	8	8	6	6	3	8	3	4	8	6	7
13H02	19	21	6	6	9	1	10	10	13	19	117	22	5	1	5	4	6	4	6	5	4	5	3	5	3	9	14	4	5	3	3	12	37	8	8	20	10	15	10	69	43	3	8	8	5	8	6	5	4	8	111	3	5	4	6	42	6	3	5	7	4	8	1	8	13	5	7	2	9	7	82	13	4	3	4	4	1	1	4	5	8	3	6	5	7	7	18	3	3	6	5	3	1	2	8	8	6	2	1	3	0	3	3	3	3	3	4	4	3	7	4	19	3	3	4	2	1	7	1	1	7	57	2	2	40	5	63	5	14	5	51	4	9	3	6	5	6	4	4	5	9	2	1	3	3	2	1	4	3	6	9	1	4	6	3	4	7	4	3	3	4	1	1	3	4	6	3	3	7	7	7	6	5	5	8	5	3	11	5	5	3	7	6	7	6	3	5	3	6
13H04	22	24	9	9	10	4	11	13	16	22	116	25	6	2	8	7	7	7	9	8	7	8	6	8	6	10	15	7	6	6	4	11	38	9	7	19	9	14	11	68	42	4	7	7	4	7	5	4	5	9	112	4	6	7	9	45	5	6	8	8	5	7	4	7	12	6	8	5	10	10	83	16	5	4	7	7	4	4	7	6	7	6	9	4	4	4	17	6	6	9	4	4	2	3	7	11	7	3	4	6	3	0	4	4	4	4	5	3	4	10	5	22	6	4	5	3	4	8	4	4	8	60	5	5	43	8	66	8	15	6	54	5	10	4	9	8	7	5	5	6	12	3	2	4	6	3	4	7	4	9	8	4	5	9	6	7	10	5	6	6	5	4	4	6	7	7	4	6	10	8	8	7	8	8	11	8	6	12	8	8	6	8	7	8	7	6	6	4	9
13H05	20	22	7	7	10	2	9	11	14	20	116	25	6	2	6	5	9	5	7	8	7	8	6	8	4	10	15	7	8	6	2	11	36	9	7	19	9	14	9	72	46	4	7	9	6	9	7	6	5	9	112	4	8	7	9	43	7	4	6	6	5	7	4	7	12	4	6	5	10	10	81	16	7	6	5	7	4	4	5	8	7	6	7	4	4	8	17	4	4	7	4	4	4	5	11	11	7	5	2	6	3	4	0	4	2	2	3	3	6	10	5	22	4	6	7	5	4	10	2	2	8	58	3	3	41	6	64	6	17	6	52	5	12	4	7	6	9	5	3	8	10	5	4	4	6	5	4	7	6	9	8	4	7	9	6	7	10	5	4	6	7	4	2	6	5	7	6	6	10	8	10	7	6	6	9	6	4	12	6	6	4	8	7	8	7	4	6	4	7
13H06	20	22	7	7	10	2	13	11	14	20	120	25	6	4	6	5	7	5	7	8	7	8	6	8	4	8	13	7	6	6	6	13	40	9	9	21	11	16	13	70	44	2	9	9	6	9	7	6	7	11	112	6	6	7	9	43	7	4	6	10	3	9	4	9	14	8	10	5	10	10	85	16	5	4	7	7	4	4	5	6	9	6	9	6	6	8	19	4	4	7	6	4	2	3	9	11	5	3	2	6	3	4	4	0	6	6	7	5	4	10	3	22	4	4	5	3	4	8	2	2	6	58	3	3	41	6	64	6	15	4	52	3	10	2	7	6	7	3	7	6	10	3	2	2	6	3	4	7	4	9	10	4	5	9	6	7	10	3	4	6	5	4	2	6	5	5	4	6	10	6	8	5	6	6	9	6	4	10	6	6	4	6	5	6	5	4	4	2	7
13H11	20	24	9	9	12	4	9	13	16	22	114	25	8	2	8	7	9	7	9	8	7	8	6	8	6	12	17	7	8	6	2	9	34	11	7	17	7	12	7	70	44	4	5	9	4	7	5	4	5	7	114	4	6	7	7	45	7	6	8	4	7	5	4	5	10	2	4	3	8	10	79	16	7	4	5	5	4	4	7	6	5	4	5	4	6	8	15	6	6	9	4	6	4	5	9	11	9	5	4	6	3	4	2	6	0	2	3	1	6	10	7	22	6	6	7	5	4	10	4	4	10	60	5	5	43	8	66	8	17	8	54	7	12	6	9	8	9	7	3	8	12	5	4	6	6	5	4	7	4	9	8	4	5	9	6	7	10	7	6	6	7	4	4	6	7	9	6	6	10	10	10	9	8	8	11	8	6	14	8	8	6	10	9	10	9	6	8	6	9
13H12	22	22	7	7	12	4	9	11	14	20	114	23	6	2	6	5	7	5	9	6	5	6	4	8	4	12	17	5	8	6	2	11	34	9	7	19	9	14	7	72	46	6	7	9	6	7	7	6	5	7	114	4	6	7	9	43	5	4	6	6	5	7	4	7	12	4	6	3	10	10	81	16	5	6	3	5	4	2	5	6	7	4	7	4	6	6	17	4	4	7	4	4	4	3	11	11	9	5	4	4	3	4	2	6	2	0	3	3	6	8	5	20	4	6	7	5	4	10	4	4	8	58	5	5	41	6	64	6	17	8	52	7	12	6	7	6	9	7	3	6	10	5	4	6	4	5	4	7	6	7	8	4	7	7	6	5	10	5	6	6	7	2	4	6	7	7	6	6	10	8	10	9	6	6	11	6	4	14	8	8	6	10	7	10	7	6	8	6	7
14A03	23	25	10	10	13	5	10	14	17	23	115	26	9	3	9	8	10	8	10	9	8	9	5	9	7	13	18	8	9	7	3	10	35	12	8	20	8	13	10	71	45	7	8	10	7	10	8	7	6	10	113	5	9	8	10	44	8	7	9	7	8	8	5	8	11	5	5	6	11	11	80	17	8	7	6	8	3	5	8	7	8	7	8	5	7	9	16	7	7	8	5	7	5	6	10	10	10	4	5	5	4	5	3	7	3	3	0	4	7	9	8	19	7	7	6	6	5	9	5	5	11	59	6	6	42	9	65	9	16	9	53	8	11	7	10	9	10	8	2	9	11	4	5	7	5	6	5	6	5	8	7	3	6	10	5	6	9	8	5	5	6	5	5	5	6	8	7	5	9	9	9	10	9	9	12	9	7	13	9	9	7	9	8	11	8	5	9	7	8
14A04	21	25	10	10	13	5	10	14	17	23	115	26	9	3	9	8	8	8	10	9	8	9	7	9	7	11	16	8	7	7	3	8	35	12	6	16	6	11	8	69	43	3	4	8	3	6	4	3	6	8	115	5	5	8	8	46	6	7	9	5	6	4	5	4	9	3	5	4	7	11	80	17	6	3	6	6	5	5	8	5	4	5	6	3	5	7	14	7	7	10	3	7	3	4	8	12	8	4	5	7	4	3	3	5	1	3	4	0	5	11	6	23	7	5	6	4	5	9	5	5	9	61	6	6	44	9	67	9	16	7	55	6	11	5	10	9	8	6	4	7	13	4	3	5	7	4	5	8	3	10	7	5	4	10	7	8	11	6	7	7	6	5	5	7	8	8	5	7	11	9	9	8	9	9	12	9	7	13	9	9	7	9	8	9	8	7	7	5	10
14A06	22	22	9	7	12	4	13	13	16	22	118	25	8	4	8	7	7	7	9	6	7	6	6	8	6	10	13	7	6	6	6	13	40	11	7	19	11	16	13	70	44	4	9	9	6	7	7	6	7	9	112	6	6	5	9	43	7	6	6	10	3	9	4	9	14	6	8	5	10	10	83	14	5	4	7	7	4	4	7	4	9	6	9	6	8	8	19	4	6	9	6	6	2	3	7	11	7	3	4	6	3	4	6	4	6	6	7	5	0	10	5	20	6	4	5	3	4	8	4	4	6	60	5	5	43	6	66	6	15	6	54	5	10	4	9	8	5	3	7	6	12	3	2	4	6	3	4	7	4	9	10	4	5	7	6	7	10	5	6	6	5	4	4	6	7	7	4	6	10	8	8	7	8	8	11	8	6	12	8	6	6	8	7	8	7	6	6	4	9
14A07	24	26	11	11	16	8	17	15	18	24	122	27	10	8	10	9	11	9	13	10	9	10	6	12	8	16	21	9	12	8	10	17	42	13	15	27	15	18	15	72	48	10	15	13	12	13	13	12	11	13	118	10	10	11	9	47	9	8	10	14	9	15	6	15	16	12	12	7	12	12	89	16	7	10	7	7	6	6	9	8	13	8	13	12	14	12	19	8	8	11	12	8	8	7	11	9	11	7	8	6	7	10	10	10	10	8	9	11	10	0	9	16	8	8	7	7	6	12	8	8	12	62	9	9	45	10	68	10	17	10	54	11	10	10	11	8	9	11	9	6	14	7	8	10	4	9	8	9	8	7	12	6	9	11	6	5	12	9	8	8	7	6	8	8	9	9	10	8	12	10	12	13	6	10	13	10	6	14	10	12	10	12	9	14	9	8	12	10	11
14A10	21	21	6	6	11	3	14	10	13	19	117	24	5	5	5	4	6	4	8	7	6	7	5	9	3	9	14	6	7	7	7	14	39	8	10	22	12	17	12	69	43	3	10	10	7	8	8	7	8	10	111	7	5	8	10	40	6	3	5	11	2	10	5	10	15	9	11	4	11	11	84	15	4	5	6	6	5	3	4	5	10	5	10	7	7	7	20	3	3	6	7	3	3	2	10	12	6	4	3	5	4	5	5	3	7	5	8	6	5	9	0	21	3	5	6	4	5	9	3	3	5	57	4	4	38	5	61	5	16	5	51	4	11	3	6	5	8	4	8	5	9	4	3	3	5	4	5	8	5	8	11	5	6	8	7	6	11	2	5	7	6	3	3	7	6	4	5	7	11	5	9	6	5	5	10	5	3	11	7	7	5	7	4	7	4	5	5	3	6
14A11	36	30	23	19	28	20	29	27	24	26	110	29	20	20	22	21	23	21	25	20	21	20	16	24	20	26	31	21	24	20	22	27	44	25	25	33	27	30	27	82	58	22	27	25	24	23	25	24	23	23	110	22	22	19	21	51	21	20	20	26	21	27	20	27	28	22	22	19	24	24	85	24	19	22	19	19	18	18	21	20	27	20	25	24	26	24	31	18	20	21	24	20	20	19	21	23	23	19	20	18	19	22	22	22	22	20	19	23	20	16	21	0	18	18	19	19	18	24	20	20	22	62	21	21	51	20	70	18	29	22	52	23	22	22	23	20	19	21	21	18	18	19	20	22	16	21	20	21	20	19	24	18	21	21	18	17	24	21	20	20	19	18	20	20	21	21	22	20	24	22	24	25	16	20	25	20	18	26	22	20	22	24	21	26	21	20	24	22	21
14A12	20	20	5	5	10	2	13	9	12	18	116	21	2	4	4	3	7	3	7	6	5	6	2	8	2	10	15	5	8	6	6	15	38	7	11	21	13	18	11	72	46	4	11	11	8	9	9	8	7	9	112	6	6	7	9	39	7	2	4	10	3	11	4	11	16	8	10	3	12	10	85	16	5	6	5	5	4	2	3	6	11	4	9	8	8	8	21	2	2	5	8	2	4	3	11	11	7	5	2	4	3	6	4	4	6	4	7	7	6	8	3	18	0	4	7	5	4	10	2	2	6	56	3	3	37	4	60	2	17	6	50	5	12	4	5	4	9	5	7	6	8	5	4	4	4	5	4	7	6	7	12	4	7	7	6	5	10	3	4	6	7	2	2	6	5	5	6	6	10	6	10	7	2	2	9	4	2	12	6	4	4	8	5	8	5	4	6	4	5
14B06	22	24	9	9	12	4	13	13	16	22	118	23	6	4	8	7	7	7	9	8	7	8	4	8	6	10	15	7	6	6	6	13	40	11	9	19	11	14	13	70	44	4	9	9	6	9	7	6	7	11	114	6	6	7	7	43	5	6	8	10	5	9	4	9	14	8	10	5	8	10	85	14	3	4	5	5	4	4	7	6	9	6	9	6	8	8	17	6	6	9	6	6	2	3	7	11	5	3	4	6	3	4	6	4	6	6	7	5	4	8	5	18	4	0	3	1	2	8	4	4	8	60	5	5	41	8	64	6	13	4	52	5	8	4	9	6	5	5	7	4	12	3	2	4	4	3	4	7	4	9	8	4	5	9	4	5	10	5	6	6	3	4	4	6	7	7	4	6	10	8	8	7	4	6	11	8	6	12	6	6	6	8	7	8	7	6	6	4	9
14B08	21	25	8	10	13	5	14	14	17	23	121	26	9	5	9	8	8	8	10	9	8	9	5	9	7	11	16	8	7	7	7	12	41	12	10	22	10	11	14	69	45	5	10	10	7	10	8	7	8	12	115	7	7	8	8	46	6	7	9	11	6	10	5	10	11	9	9	6	9	11	86	13	4	5	6	6	3	5	8	5	10	7	10	7	9	9	16	7	7	10	7	7	3	4	6	8	6	2	5	5	4	5	7	5	7	7	6	6	5	7	6	19	7	3	0	2	3	5	5	5	9	61	6	6	44	9	67	9	12	5	53	4	5	5	10	5	6	6	6	5	13	2	3	5	3	2	5	6	3	8	7	3	4	10	3	4	9	6	5	5	2	5	5	5	6	6	5	5	7	7	7	8	7	9	12	9	7	11	7	9	7	7	6	9	6	5	7	5	10
14B10	21	23	8	8	11	3	12	12	15	21	119	24	7	3	7	6	6	6	8	7	6	7	5	7	5	9	14	6	5	5	5	12	39	10	8	20	10	13	12	69	43	3	8	8	5	8	6	5	6	10	113	5	5	6	6	44	4	5	7	9	4	8	3	8	13	7	9	4	7	9	84	13	2	3	4	4	3	3	6	5	8	5	8	5	7	7	16	5	5	8	5	5	1	2	6	10	4	2	3	5	2	3	5	3	5	5	6	4	3	7	4	19	5	1	2	0	1	7	3	3	7	59	4	4	42	7	65	7	12	3	51	4	7	3	8	5	4	4	6	3	11	2	1	3	3	2	3	6	3	8	7	3	4	8	3	4	9	4	5	5	2	3	3	5	6	6	3	5	9	7	7	6	5	7	10	7	5	11	5	7	5	7	6	7	6	5	5	3	8
14B11	20	22	7	7	10	2	11	11	14	20	118	23	6	2	6	5	7	5	7	6	5	6	4	6	4	10	15	5	6	4	4	13	38	9	9	21	11	14	11	70	44	4	9	9	6	9	7	6	5	9	112	4	6	5	5	43	5	4	6	8	5	9	2	9	14	6	8	3	8	8	83	12	3	4	3	3	2	2	5	6	9	4	7	6	8	8	17	4	4	7	6	4	2	3	7	9	5	3	2	4	1	4	4	4	4	4	5	5	4	6	5	18	4	2	3	1	0	8	2	2	8	58	3	3	41	6	64	6	13	4	50	5	8	4	7	4	5	5	5	4	10	3	2	4	2	3	2	5	4	7	8	2	5	7	2	3	8	5	4	4	3	2	2	4	5	7	4	4	8	8	8	7	4	6	9	6	4	12	4	6	4	8	7	8	7	4	6	4	7
14B12	22	28	9	13	16	8	17	15	20	26	124	29	12	8	10	11	7	11	9	12	7	10	8	6	10	10	15	7	6	10	10	11	42	15	9	21	9	10	13	72	46	8	11	9	8	11	9	8	9	15	118	8	8	9	11	49	9	10	12	8	9	7	8	9	8	12	10	9	10	10	89	16	7	6	11	11	6	8	11	8	13	10	11	6	10	8	15	10	10	13	6	10	6	7	11	11	11	5	8	6	7	8	10	8	10	10	9	9	8	12	9	24	10	8	5	7	8	0	8	8	8	64	7	9	47	10	70	12	13	6	58	5	8	6	13	8	9	7	9	10	16	5	6	8	8	5	8	9	6	11	10	6	7	13	6	7	6	7	6	6	7	8	8	4	5	5	4	4	2	6	4	3	12	12	15	12	10	14	12	12	10	6	5	8	5	8	8	8	13
14C01	18	20	5	5	8	0	11	9	12	18	118	23	4	2	4	3	7	3	5	6	5	6	4	6	2	8	13	5	6	4	4	13	38	7	9	21	11	16	11	70	44	2	9	9	6	9	7	6	5	9	110	4	6	5	7	41	7	2	4	8	3	9	2	9	14	6	8	3	10	8	83	14	5	4	5	5	2	2	3	6	9	4	7	6	6	8	19	2	2	5	6	2	2	3	9	9	5	3	0	4	1	4	2	2	4	4	5	5	4	8	3	20	2	4	5	3	2	8	0	0	6	56	1	1	39	4	62	4	15	4	50	3	10	2	5	4	7	3	5	6	8	3	2	2	4	3	2	5	4	7	10	2	5	7	4	5	8	3	2	4	5	2	0	4	3	5	4	4	8	6	8	5	4	4	7	4	2	10	4	4	2	6	5	6	5	2	4	2	5
14C02	18	20	5	5	8	0	11	9	12	18	118	23	4	2	4	3	7	3	5	6	5	6	4	6	2	8	13	5	6	4	4	13	38	7	9	21	11	16	11	70	44	2	9	9	6	9	7	6	5	9	110	4	6	5	7	41	7	2	4	8	3	9	2	9	14	6	8	3	10	8	83	14	5	4	5	5	2	2	3	6	9	4	7	6	6	8	19	2	2	5	6	2	2	3	9	9	5	3	0	4	1	4	2	2	4	4	5	5	4	8	3	20	2	4	5	3	2	8	0	0	6	56	1	1	39	4	62	4	15	4	50	3	10	2	5	4	7	3	5	6	8	3	2	2	4	3	2	5	4	7	10	2	5	7	4	5	8	3	2	4	5	2	0	4	3	5	4	4	8	6	8	5	4	4	7	4	2	10	4	4	2	6	5	6	5	2	4	2	5
14C03	22	22	9	7	14	6	17	13	16	22	120	27	8	8	6	7	5	7	7	8	5	6	8	8	6	8	11	5	6	10	10	13	40	11	7	19	11	16	11	72	46	6	11	11	8	7	9	8	9	11	114	8	6	7	11	43	7	6	6	10	5	9	8	9	14	10	10	7	10	10	87	18	5	6	9	9	8	6	7	8	13	8	13	8	8	6	19	4	6	9	6	6	6	5	11	15	7	7	6	6	7	8	8	6	10	8	11	9	6	12	5	22	6	8	9	7	8	8	6	6	0	60	5	7	43	4	66	6	13	4	54	5	14	4	9	6	7	3	9	8	12	7	6	6	8	7	8	11	8	11	12	8	9	9	8	7	12	3	6	8	9	6	6	6	5	3	4	6	10	4	8	5	8	8	13	8	6	14	10	8	8	6	3	6	3	8	6	6	9
14C04	70	64	59	59	60	56	67	59	62	54	94	67	58	58	58	57	59	57	61	60	59	60	58	60	56	64	65	59	62	58	58	67	74	59	65	71	67	70	65	100	72	58	65	65	62	63	63	62	61	63	100	60	60	61	63	71	61	54	56	64	57	65	58	65	70	62	64	57	66	64	73	66	59	60	59	59	58	56	55	60	63	56	63	62	62	62	75	56	54	53	62	56	58	57	65	65	61	59	56	58	57	60	58	58	60	58	59	61	60	62	57	62	56	60	61	59	58	64	56	56	60	0	57	55	53	58	38	58	71	60	58	59	66	58	53	58	63	59	61	58	50	59	58	58	58	59	58	57	60	61	66	58	61	55	60	59	64	57	58	60	61	56	56	60	59	59	60	60	62	60	64	61	58	58	63	54	56	66	60	58	58	62	59	62	59	58	60	58	51
14C05	19	21	6	6	9	1	12	10	13	19	119	24	5	3	3	4	6	4	4	7	4	7	5	5	3	7	12	4	5	5	5	12	37	8	8	20	10	15	10	71	45	3	10	10	7	10	8	7	6	10	111	5	7	6	8	42	8	3	5	7	4	8	3	8	13	7	9	4	9	7	84	15	6	5	6	6	3	3	4	7	10	5	8	7	7	9	18	3	3	6	5	3	3	4	10	10	6	4	1	3	2	5	3	3	5	5	6	6	5	9	4	21	3	5	6	4	3	7	1	1	5	57	0	2	40	3	63	5	14	3	51	2	11	1	6	3	6	2	6	7	9	4	3	3	5	4	3	6	5	8	11	3	6	8	3	4	7	2	1	3	6	3	1	3	2	4	3	3	7	5	7	4	5	5	8	5	3	11	5	5	3	5	4	5	4	3	5	3	6
14C06	19	21	6	6	9	1	12	10	13	19	119	24	5	3	5	4	8	4	6	7	6	7	5	7	3	9	14	6	7	5	5	14	39	8	10	22	12	17	12	69	43	3	10	10	7	10	8	7	6	10	109	5	7	6	8	40	8	1	5	9	4	10	3	10	15	7	9	4	11	9	84	15	6	5	6	6	3	3	4	7	10	5	8	7	7	9	20	3	3	6	7	3	3	4	10	10	6	4	1	5	2	5	3	3	5	5	6	6	5	9	4	21	3	5	6	4	3	9	1	1	7	55	2	0	38	5	61	5	16	5	51	4	11	3	6	5	8	4	6	7	9	4	3	3	5	4	3	6	5	8	11	3	6	8	5	6	9	4	3	5	6	3	1	5	4	6	5	5	9	7	9	6	5	5	8	5	3	11	5	5	3	7	6	7	6	3	5	3	4
14C07	57	53	38	40	47	39	50	46	47	45	101	50	39	41	41	40	44	40	44	43	42	43	39	43	37	47	52	42	45	43	41	50	69	40	48	52	50	53	48	69	59	41	48	48	45	46	46	45	44	44	85	43	43	44	46	40	44	37	39	47	40	48	41	48	53	45	47	40	49	47	80	45	42	43	40	42	41	39	40	43	46	41	46	45	45	45	58	39	39	34	45	39	41	40	48	48	44	42	39	41	40	43	41	41	43	41	42	44	43	45	38	51	37	41	44	42	41	47	39	39	43	53	40	38	0	39	29	39	54	43	77	42	49	41	38	41	46	42	44	43	41	42	41	41	41	42	41	44	43	44	49	41	44	44	43	42	47	40	41	43	44	39	39	43	42	42	43	43	45	43	47	44	39	35	46	41	39	49	41	39	41	45	42	45	42	41	43	41	38
14C08	22	20	7	5	12	4	15	11	14	20	118	25	6	6	4	5	7	5	7	6	5	6	6	8	4	10	13	5	8	8	8	15	38	9	9	21	13	18	11	74	48	6	13	13	10	9	11	10	9	9	110	8	8	7	11	41	9	4	4	10	5	11	6	11	16	8	10	5	12	10	85	16	7	8	7	7	6	4	5	8	13	6	11	10	10	10	21	2	4	7	8	4	6	5	11	13	9	7	4	4	5	8	6	6	8	6	9	9	6	10	5	20	4	8	9	7	6	10	4	4	4	58	3	5	39	0	64	4	17	6	52	5	14	4	7	4	7	3	9	8	10	7	6	6	6	7	6	9	8	9	14	6	9	7	6	5	10	3	4	6	9	4	4	6	5	5	6	6	10	6	10	7	6	6	11	6	4	14	8	6	6	8	5	8	5	6	8	6	7
14C09	78	70	61	63	64	62	73	67	68	56	86	65	60	64	64	63	65	63	67	66	65	66	62	66	62	70	69	65	68	64	64	73	82	63	71	73	73	76	71	82	72	64	71	71	68	69	69	68	67	67	82	66	66	67	69	57	67	60	64	70	63	71	64	71	76	68	70	63	72	70	59	68	65	66	65	65	64	62	61	66	69	62	69	68	68	68	81	62	60	57	68	62	64	63	71	71	67	65	62	64	63	66	64	64	66	64	65	67	66	68	61	70	60	64	67	65	64	70	62	62	66	38	63	61	29	64	0	62	77	66	74	65	72	64	59	64	69	65	67	64	58	65	64	64	64	65	64	63	66	67	72	64	67	61	66	65	70	63	64	66	67	62	62	66	65	65	66	66	68	66	70	67	62	60	69	60	62	72	64	62	64	68	65	68	65	64	66	64	59
14C10	22	20	7	5	12	4	15	11	14	20	114	23	4	6	6	5	9	5	9	6	7	6	4	10	4	12	15	7	10	8	8	17	40	9	11	21	15	20	13	74	48	6	13	13	10	9	11	10	9	9	110	8	8	7	11	37	9	4	4	12	5	13	6	13	18	8	10	5	14	12	83	16	7	8	7	7	6	4	5	8	13	6	11	10	10	10	23	2	4	7	10	4	6	5	11	13	9	7	4	6	5	8	6	6	8	6	9	9	6	10	5	18	2	6	9	7	6	12	4	4	6	58	5	5	39	4	62	0	19	8	50	7	14	6	7	6	9	5	9	8	10	7	6	6	6	7	6	9	8	9	14	6	9	7	8	7	12	5	6	8	9	4	4	8	7	7	8	8	12	8	12	9	4	4	11	6	4	14	8	4	6	10	7	10	7	6	8	6	7
14C11	29	35	20	20	23	15	24	24	27	33	131	36	19	15	17	18	14	18	16	19	14	17	15	15	17	17	22	14	13	15	17	18	49	22	16	28	16	19	20	75	53	15	18	16	15	16	14	15	16	22	125	15	15	16	16	56	14	17	19	17	16	16	15	14	15	17	17	16	15	17	96	21	12	13	16	16	13	15	18	15	18	17	18	15	17	15	14	17	17	20	13	17	13	14	12	14	12	12	15	13	14	15	17	15	17	17	16	16	15	17	16	29	17	13	12	12	13	13	15	15	13	71	14	16	54	17	77	19	0	11	63	14	15	13	20	15	14	14	14	15	23	12	13	13	13	14	13	16	13	18	11	13	14	20	11	12	15	14	13	11	12	15	15	11	12	12	11	11	15	13	11	14	17	19	18	19	17	15	17	19	15	11	12	11	12	13	13	13	20
14D03	20	24	9	9	12	4	15	13	16	22	122	27	8	6	6	7	5	7	5	10	5	8	8	6	6	6	11	5	4	8	8	11	40	11	7	19	9	12	11	72	44	4	9	9	6	9	7	6	7	13	114	6	6	7	7	45	5	6	8	8	5	7	6	7	12	10	10	7	6	8	87	16	3	4	7	7	6	6	7	8	11	8	11	6	6	8	15	6	6	9	4	6	4	5	9	13	5	5	4	6	5	6	6	4	8	8	9	7	6	10	5	22	6	4	5	3	4	6	4	4	4	60	3	5	43	6	66	8	11	0	52	3	10	2	9	4	5	3	9	6	12	5	4	4	6	5	6	9	6	11	10	6	7	11	4	5	10	3	4	6	5	6	4	4	3	3	2	4	8	4	6	3	6	8	11	8	6	12	6	8	6	4	3	4	3	6	4	4	9
14D07	62	52	53	53	54	50	61	53	46	50	96	55	52	52	52	49	53	49	55	52	53	54	52	56	50	54	55	53	56	52	54	61	60	53	59	65	61	64	59	102	76	52	59	59	56	57	57	56	55	55	84	54	54	53	55	69	53	50	52	58	51	59	52	59	64	56	58	51	58	56	85	58	51	54	51	51	52	50	49	54	59	50	57	56	56	56	67	50	48	47	56	50	52	51	57	59	53	53	50	52	51	54	52	52	54	52	53	55	54	54	51	52	50	52	53	51	50	58	50	50	54	58	51	51	77	52	74	50	63	52	0	53	56	52	49	50	53	53	55	50	48	53	52	52	50	53	52	49	54	55	58	52	55	47	52	51	58	51	52	54	53	50	50	54	53	53	54	54	58	54	58	55	50	52	57	46	50	60	52	52	52	56	53	56	53	52	54	52	51
14D09	19	23	6	8	11	3	14	12	15	21	121	26	7	5	5	6	6	6	6	9	6	9	7	7	5	7	12	6	5	7	7	12	39	10	8	20	10	13	12	69	45	3	10	10	7	10	8	7	8	12	113	7	7	8	10	44	8	5	7	9	4	8	5	8	11	9	11	6	9	9	86	15	6	5	8	8	5	5	6	7	10	7	10	7	7	9	18	5	5	8	5	5	3	4	10	10	6	4	3	5	4	5	5	3	7	7	8	6	5	11	4	23	5	5	4	4	5	5	3	3	5	59	2	4	42	5	65	7	14	3	53	0	9	1	8	3	6	2	8	7	11	4	3	3	7	2	5	8	5	10	11	5	6	10	5	6	9	2	3	5	6	5	3	5	4	4	3	5	7	5	7	4	7	7	10	7	5	11	7	7	5	5	4	5	4	5	5	3	8
14D12	22	30	13	15	18	10	19	17	22	28	126	31	14	10	14	13	13	13	15	14	13	14	10	14	12	16	19	13	12	10	12	17	46	17	15	27	15	16	19	70	50	10	15	11	12	13	11	12	13	17	120	12	12	13	11	51	11	12	14	14	11	13	10	13	12	12	14	11	12	14	91	14	9	10	11	11	8	10	13	10	15	12	13	10	14	12	19	12	12	15	12	12	8	9	11	11	9	7	10	10	9	10	12	10	12	12	11	11	10	10	11	22	12	8	5	7	8	8	10	10	14	66	11	11	49	14	72	14	15	10	56	9	0	10	15	10	9	11	11	8	18	7	8	10	8	7	10	11	8	13	8	8	9	15	8	9	12	11	10	10	7	10	10	10	11	11	10	10	10	12	10	11	12	14	15	14	12	14	12	14	12	10	11	12	11	8	10	8	15
14E01	20	22	7	7	10	2	13	11	14	20	120	25	6	4	4	5	5	5	5	8	5	8	6	6	4	6	11	5	4	6	6	11	38	9	7	19	9	14	11	70	44	2	9	9	6	9	7	6	7	11	112	6	6	7	9	43	7	4	6	8	3	7	4	7	12	8	10	5	8	8	85	16	5	4	7	7	4	4	5	6	9	6	9	6	6	8	17	4	4	7	4	4	2	3	9	11	5	3	2	4	3	4	4	2	6	6	7	5	4	10	3	22	4	4	5	3	4	6	2	2	4	58	1	3	41	4	64	6	13	2	52	1	10	0	7	4	5	1	7	6	10	3	2	2	6	3	4	7	4	9	10	4	5	9	4	5	8	1	2	4	5	4	2	4	3	3	2	4	8	4	6	3	6	6	9	6	4	10	6	6	4	4	3	4	3	4	4	2	7
14E02	23	21	8	8	13	5	16	12	11	19	115	26	7	7	7	6	8	6	10	9	8	9	7	11	5	13	18	8	11	9	9	18	39	8	14	26	16	19	14	71	45	7	14	14	11	12	12	11	10	12	109	9	9	10	12	40	10	5	7	13	6	14	7	14	19	11	13	6	15	13	82	19	8	9	8	8	7	5	4	9	14	7	12	11	11	11	24	5	3	8	11	5	7	6	14	14	10	8	5	7	6	9	7	7	9	7	10	10	9	11	6	23	5	9	10	8	7	13	5	5	9	53	6	6	38	7	59	7	20	9	49	8	15	7	0	7	10	8	10	9	11	8	7	7	7	8	7	8	9	10	15	7	10	8	9	8	13	6	7	9	10	5	5	9	8	8	9	9	13	9	13	10	7	7	12	5	5	15	9	9	7	11	8	11	8	7	9	7	8
14E03	20	22	5	7	12	4	15	11	14	20	120	25	6	6	4	5	7	5	7	8	5	8	6	8	4	10	15	5	8	8	8	15	38	9	11	23	13	14	11	72	48	6	13	13	10	11	11	10	9	11	114	8	8	9	9	43	7	4	6	10	5	11	6	11	14	10	12	5	10	10	87	14	5	8	5	5	6	4	5	8	13	6	11	10	10	10	19	4	4	7	8	4	6	5	11	11	7	7	4	4	5	8	6	6	8	6	9	9	8	8	5	20	4	6	5	5	4	8	4	4	6	58	3	5	41	4	64	6	15	4	50	3	10	4	7	0	7	5	9	6	10	7	6	6	4	5	6	9	8	9	12	6	9	9	4	3	10	3	4	6	7	4	4	6	5	5	6	6	8	6	10	7	4	6	11	6	4	14	6	8	6	8	5	8	5	6	8	6	7
14E04	23	25	12	10	15	7	16	16	17	25	121	28	11	7	9	10	8	10	10	9	8	9	9	9	9	11	14	8	7	7	9	14	41	12	8	20	12	15	14	71	47	7	12	10	9	10	10	9	10	12	113	9	9	8	8	46	8	9	9	11	8	10	7	10	15	9	11	8	7	9	86	15	6	7	8	8	7	7	10	9	12	9	12	9	11	11	18	7	9	12	7	9	5	6	8	14	8	6	7	7	6	7	9	7	9	9	10	8	5	9	8	19	9	5	6	4	5	9	7	7	7	63	6	8	46	7	69	9	14	5	53	6	9	5	10	7	0	4	10	5	15	6	5	7	7	6	7	10	7	12	11	7	8	10	5	6	11	6	7	7	6	7	7	7	8	8	5	7	11	9	9	8	9	11	14	11	9	15	9	9	9	9	8	9	8	9	9	7	12
14E05	21	21	8	6	11	3	14	12	15	21	119	26	7	5	5	6	6	6	6	7	6	7	7	7	5	7	10	6	5	7	7	12	39	10	6	18	10	15	12	71	45	3	10	10	7	8	8	7	8	10	111	7	7	6	10	42	8	5	5	9	4	8	5	8	13	7	9	6	9	9	84	15	6	5	8	8	5	5	6	7	10	7	10	7	7	9	18	3	5	8	5	5	3	4	8	12	6	4	3	5	4	5	5	3	7	7	8	6	3	11	4	21	5	5	6	4	5	7	3	3	3	59	2	4	42	3	65	5	14	3	53	2	11	1	8	5	4	0	8	7	11	4	3	3	7	4	5	8	5	10	11	5	6	8	5	6	9	2	3	5	6	5	3	5	4	4	3	5	9	5	7	4	7	7	10	7	5	11	7	5	5	5	4	5	4	5	5	3	8
14E06	23	25	10	10	13	5	10	14	17	23	117	26	9	3	9	8	10	8	10	9	8	9	5	9	7	13	18	8	9	7	3	10	37	12	8	20	8	13	10	71	47	7	8	10	7	10	8	7	6	10	115	5	9	8	10	46	8	7	9	7	8	8	5	8	11	5	5	6	11	11	82	17	8	7	6	8	3	5	8	7	8	7	8	5	7	7	16	7	7	10	5	7	5	6	10	10	8	4	5	5	4	5	3	7	3	3	2	4	7	9	8	21	7	7	6	6	5	9	5	5	9	61	6	6	44	9	67	9	14	9	55	8	11	7	10	9	10	8	0	9	13	4	5	7	5	6	5	6	5	8	5	3	6	10	5	6	9	8	5	5	6	5	5	5	6	8	7	5	9	9	9	10	9	9	12	9	7	13	9	9	7	9	8	11	8	5	9	7	10
14E07	22	22	9	9	14	6	15	11	16	22	118	23	8	6	8	7	7	7	11	8	7	8	6	10	6	12	15	7	8	4	8	15	38	11	11	23	13	16	13	70	46	6	11	9	8	9	9	8	9	11	114	8	6	9	7	45	5	6	8	12	5	11	6	11	16	10	12	5	8	10	85	16	3	6	5	5	6	4	7	6	11	6	11	8	10	8	19	6	6	9	8	6	4	3	9	13	7	5	6	6	5	6	8	6	8	6	9	7	6	6	5	18	6	4	5	3	4	10	6	6	8	58	7	7	43	8	64	8	15	6	50	7	8	6	9	6	5	7	9	0	12	5	4	6	4	5	6	7	6	9	10	6	7	7	6	5	12	5	8	8	5	4	6	8	9	7	6	8	12	8	10	9	6	8	13	6	6	14	8	10	8	10	7	10	7	8	8	6	9
14F04	24	26	11	11	16	8	19	13	18	16	112	29	10	10	10	9	13	9	13	12	11	12	10	14	8	16	21	11	14	12	12	21	42	13	17	29	19	24	17	76	50	10	17	17	14	15	15	14	13	15	108	12	12	13	15	45	13	8	10	16	9	17	10	17	22	14	16	9	18	16	85	22	11	12	11	11	10	8	9	12	17	10	15	14	14	14	27	8	8	9	14	8	10	9	17	17	13	11	8	10	9	12	10	10	12	10	11	13	12	14	9	18	8	12	13	11	10	16	8	8	12	50	9	9	41	10	58	10	23	12	48	11	18	10	11	10	15	11	13	12	0	11	10	10	10	11	10	13	12	13	18	10	13	13	12	11	16	9	10	12	13	8	8	12	11	11	12	12	16	12	16	13	10	10	15	10	8	18	12	10	10	14	11	14	11	10	12	10	9
14F05	21	23	8	8	11	3	12	12	15	21	119	24	7	3	7	6	6	6	8	7	6	7	3	7	5	9	14	6	5	5	5	10	39	10	8	20	8	13	12	69	43	3	8	8	5	8	6	5	6	10	113	5	5	6	8	44	6	5	7	9	4	8	3	8	11	7	7	4	9	9	84	15	4	3	6	6	1	3	6	3	8	5	8	5	7	7	16	5	5	8	5	5	1	2	6	8	6	0	3	3	2	3	5	3	5	5	4	4	3	7	4	19	5	3	2	2	3	5	3	3	7	59	4	4	42	7	65	7	12	5	53	4	7	3	8	7	6	4	4	5	11	0	1	3	3	2	3	4	1	6	7	1	2	8	3	4	7	4	3	3	2	3	3	3	4	4	3	3	7	5	5	6	7	7	10	7	5	9	7	7	5	5	4	7	4	3	5	3	8
14F06	20	22	7	7	10	2	11	11	14	20	118	23	6	2	6	5	5	5	7	6	5	6	4	6	4	8	13	5	4	4	4	11	38	9	7	19	9	14	11	68	42	2	7	7	4	7	5	4	5	9	112	4	4	5	7	43	5	4	6	8	3	7	2	7	12	6	8	3	8	8	83	14	3	2	5	5	2	2	5	4	7	4	7	4	6	6	17	4	4	7	4	4	0	1	7	9	5	1	2	4	1	2	4	2	4	4	5	3	2	8	3	20	4	2	3	1	2	6	2	2	6	58	3	3	41	6	64	6	13	4	52	3	8	2	7	6	5	3	5	4	10	1	0	2	4	1	2	5	2	7	8	2	3	7	4	5	8	3	4	4	3	2	2	4	5	5	2	4	8	6	6	5	6	6	9	6	4	10	6	6	4	6	5	6	5	4	4	2	7
14F08	20	22	7	7	10	2	13	11	14	20	120	25	6	4	6	5	7	5	7	8	7	8	6	8	4	8	13	7	6	4	6	13	40	9	9	21	11	16	13	68	44	2	9	7	6	9	7	6	7	11	112	6	6	7	9	43	7	4	6	10	3	9	4	9	12	8	10	5	10	10	85	14	5	4	7	7	4	4	5	6	7	6	7	6	6	8	17	4	4	7	6	4	2	3	7	9	5	3	2	6	3	4	4	2	6	6	7	5	4	10	3	22	4	4	5	3	4	8	2	2	6	58	3	3	41	6	64	6	13	4	52	3	10	2	7	6	7	3	7	6	10	3	2	0	6	3	2	7	4	9	8	4	5	9	6	7	10	3	4	4	5	4	2	6	5	5	4	6	10	6	8	5	6	6	7	6	4	8	6	6	2	6	5	4	5	4	4	2	7
14F09	22	22	7	7	12	4	13	11	14	20	118	23	6	4	6	5	7	5	9	6	5	6	2	8	4	12	17	5	8	6	6	13	38	9	11	23	11	14	11	72	46	6	11	11	8	9	9	8	7	9	114	6	6	7	7	43	5	4	6	10	5	11	4	11	14	8	8	3	10	10	85	14	3	6	3	3	2	2	5	4	11	4	9	8	10	8	17	4	4	7	8	4	4	3	7	9	7	3	4	2	3	6	6	6	6	4	5	7	6	4	5	16	4	4	3	3	2	8	4	4	8	58	5	5	41	6	64	6	13	6	50	7	8	6	7	4	7	7	5	4	10	3	4	6	0	5	4	5	4	5	8	2	5	7	2	1	8	5	4	4	3	2	4	4	5	5	6	4	8	6	8	9	4	6	11	6	4	12	6	8	6	8	5	10	5	4	8	6	7
14F10	19	23	6	8	11	3	12	12	15	21	119	24	7	3	7	6	6	6	8	7	6	7	5	7	5	9	14	6	5	5	5	12	39	10	8	20	10	13	12	67	43	3	8	8	5	8	6	5	6	10	113	5	5	6	8	44	6	5	7	9	4	8	3	8	11	7	9	4	9	9	84	13	4	3	6	6	3	3	6	5	8	5	8	5	7	7	18	5	5	8	5	5	1	2	8	8	6	2	3	5	2	3	5	3	5	5	6	4	3	9	4	21	5	3	2	2	3	5	3	3	7	59	4	4	42	7	65	7	14	5	53	2	7	3	8	5	6	4	6	5	11	2	1	3	5	0	3	6	3	8	9	3	4	8	5	6	9	4	5	5	4	3	3	5	6	6	3	5	7	7	7	6	7	7	10	7	5	11	7	7	5	7	6	7	6	5	5	3	8
14F11	20	22	7	7	10	2	11	11	14	20	118	23	6	2	6	5	7	5	7	6	5	6	4	6	4	10	15	5	6	2	4	13	38	9	9	21	11	16	11	68	44	4	9	7	6	9	7	6	5	9	112	4	6	5	7	43	7	4	6	8	5	9	2	9	12	6	8	3	10	8	83	12	5	4	5	5	2	2	5	6	7	4	5	6	8	8	17	4	4	7	6	4	2	3	7	7	7	3	2	4	1	4	4	4	4	4	5	5	4	8	5	20	4	4	5	3	2	8	2	2	8	58	3	3	41	6	64	6	13	6	52	5	10	4	7	6	7	5	5	6	10	3	2	2	4	3	0	5	4	7	8	2	5	7	4	5	8	5	4	2	5	2	2	4	5	7	4	4	8	8	8	7	6	6	7	6	4	10	6	6	2	8	7	6	7	4	6	4	7
14G02	23	19	10	10	13	5	14	12	15	21	115	24	9	5	9	8	8	8	10	9	8	9	5	9	7	13	16	8	9	5	7	14	35	12	12	24	12	17	14	71	45	7	12	12	9	12	10	9	8	12	109	7	9	8	10	42	10	7	9	11	8	12	5	12	15	9	9	6	13	11	80	17	8	7	8	8	3	5	6	7	12	7	10	9	11	11	20	7	5	10	9	7	5	6	10	10	10	4	5	5	4	7	7	7	7	7	6	8	7	9	8	21	7	7	6	6	5	9	5	5	11	57	6	6	44	9	63	9	16	9	49	8	11	7	8	9	10	8	6	7	13	4	5	7	5	6	5	0	5	8	11	3	6	6	5	6	9	8	5	5	6	5	5	5	6	8	7	5	9	9	9	10	9	9	12	5	7	13	9	9	7	9	8	11	8	5	9	7	10
14G03	20	24	9	9	12	4	13	13	16	22	118	25	8	4	8	7	7	7	9	8	7	8	4	8	6	10	15	7	6	6	6	9	38	11	9	19	7	12	11	68	42	2	7	9	4	7	5	4	7	9	114	6	4	7	7	45	7	6	8	8	5	7	4	7	10	6	6	3	8	10	83	16	5	2	7	5	2	4	7	2	7	4	7	6	8	8	15	6	6	9	6	6	2	3	5	9	7	1	4	4	3	4	6	4	4	6	5	3	4	8	5	20	6	4	3	3	4	6	4	4	8	60	5	5	43	8	66	8	13	6	54	5	8	4	9	8	7	5	5	6	12	1	2	4	4	3	4	5	0	7	8	2	1	9	4	5	8	5	4	4	3	4	4	4	5	5	4	4	8	6	6	7	8	8	11	8	6	10	8	8	6	6	5	8	5	4	6	4	9
14G04	25	25	10	10	15	7	14	12	17	23	121	26	9	7	9	8	10	8	12	9	8	9	5	11	7	13	20	8	11	9	9	16	41	12	14	24	14	19	14	73	49	9	14	14	11	12	12	11	10	12	117	9	9	10	10	46	10	7	9	13	8	14	7	14	15	11	11	6	13	13	88	17	8	9	8	8	5	5	8	7	12	7	12	11	13	11	18	7	7	10	11	7	7	6	12	10	12	6	7	5	6	9	9	9	9	7	8	10	9	7	8	19	7	9	8	8	7	11	7	7	11	61	8	8	44	9	67	9	18	11	55	10	13	9	10	9	12	10	8	9	13	6	7	9	5	8	7	8	7	0	13	5	8	10	7	6	11	8	7	7	8	5	7	7	8	8	9	7	11	9	11	12	7	9	12	9	5	13	11	11	9	11	8	13	8	7	11	9	10
14G06	26	30	15	15	18	10	15	17	22	28	122	31	14	8	14	13	13	13	15	14	13	14	10	14	12	16	21	13	12	10	8	13	42	17	11	23	11	14	15	72	50	10	11	9	10	11	9	10	11	15	120	10	12	13	13	51	9	12	14	10	11	9	10	9	8	8	10	11	12	16	87	14	9	10	9	11	8	10	13	10	9	12	9	6	10	8	13	12	12	15	8	12	8	9	9	11	7	7	10	10	9	8	8	10	8	8	7	7	10	12	11	24	12	8	7	7	8	10	10	10	12	66	11	11	49	14	72	14	11	10	58	11	8	10	15	12	11	11	5	10	18	7	8	8	8	9	8	11	8	13	0	8	9	15	8	9	12	11	10	8	7	10	10	10	11	11	10	10	12	12	10	11	12	14	13	14	12	12	12	14	10	10	11	10	11	8	10	8	15
14G09	20	22	7	7	10	2	11	11	14	20	118	23	6	2	6	5	7	5	7	6	5	6	2	6	4	10	15	5	6	4	4	11	38	9	9	21	9	14	11	70	44	4	9	9	6	9	7	6	5	9	112	4	6	5	7	43	7	4	6	8	5	9	2	9	12	6	6	3	10	8	83	14	5	4	5	5	0	2	5	4	9	4	7	6	8	8	17	4	4	7	6	4	2	3	7	7	7	1	2	2	1	4	4	4	4	4	3	5	4	6	5	18	4	4	3	3	2	6	2	2	8	58	3	3	41	6	64	6	13	6	52	5	8	4	7	6	7	5	3	6	10	1	2	4	2	3	2	3	2	5	8	0	3	7	2	3	6	5	2	2	3	2	2	2	3	5	4	2	6	6	6	7	6	6	9	6	4	10	6	6	4	6	5	8	5	2	6	4	7
14G10	19	25	10	10	13	5	14	14	17	23	119	26	9	5	9	8	8	8	10	9	8	9	5	9	7	11	16	8	7	7	7	10	39	12	10	20	8	13	12	67	43	3	8	10	5	8	6	5	8	10	115	7	5	8	8	46	8	7	9	9	6	8	5	8	11	7	7	4	9	11	84	17	6	3	8	6	3	5	8	3	8	5	8	7	9	9	16	7	7	10	7	7	3	4	6	10	8	2	5	5	4	5	7	5	5	7	6	4	5	9	6	21	7	5	4	4	5	7	5	5	9	61	6	6	44	9	67	9	14	7	55	6	9	5	10	9	8	6	6	7	13	2	3	5	5	4	5	6	1	8	9	3	0	10	5	6	9	6	5	5	4	5	5	5	6	6	5	5	9	7	7	8	9	9	12	9	7	11	9	9	7	7	6	9	6	5	7	5	10
14G12	23	17	10	8	13	7	16	12	13	19	111	22	9	7	9	6	8	6	12	5	8	7	7	11	7	15	16	8	11	7	9	18	37	12	12	24	16	21	14	73	47	9	14	14	11	10	12	11	10	10	109	9	9	8	12	42	10	7	7	13	8	14	7	14	19	9	11	6	15	13	78	17	8	9	8	8	7	5	6	9	14	7	12	11	13	11	24	5	5	10	11	7	7	6	12	14	12	8	7	7	6	9	9	9	9	7	10	10	7	11	8	21	7	9	10	8	7	13	7	7	9	55	8	8	44	7	61	7	20	11	47	10	15	9	8	9	10	8	10	7	13	8	7	9	7	8	7	6	9	10	15	7	10	0	9	8	13	8	9	9	10	5	7	9	10	10	9	9	13	11	13	12	9	9	14	5	7	17	11	9	9	13	10	13	10	9	11	9	10
14H02	22	24	9	9	12	4	13	13	16	22	120	25	8	4	6	7	7	7	7	8	5	8	4	6	6	10	15	5	6	6	6	11	38	11	9	21	9	12	11	72	46	6	11	11	8	11	9	8	7	11	114	6	8	7	7	45	7	6	8	8	7	9	4	9	12	8	8	5	8	8	85	14	5	6	5	5	2	4	7	6	11	6	9	8	10	10	15	6	6	9	6	6	4	5	7	9	7	3	4	2	3	6	6	6	6	6	5	7	6	6	7	18	6	4	3	3	2	6	4	4	8	60	3	5	43	6	66	8	11	4	52	5	8	4	9	4	5	5	5	6	12	3	4	6	2	5	4	5	4	7	8	2	5	9	0	1	6	5	2	2	3	4	4	2	3	5	4	2	6	6	6	7	6	8	11	8	6	12	6	8	6	6	5	8	5	4	8	6	9
14H05	23	23	8	8	13	5	14	12	15	21	119	24	7	5	5	6	6	6	8	7	4	7	3	7	5	11	16	4	7	7	7	12	37	10	10	22	10	13	10	73	47	7	12	12	9	10	10	9	8	10	115	7	7	8	8	44	6	5	7	9	6	10	5	10	13	9	9	4	9	9	86	15	4	7	4	4	3	3	6	5	12	5	10	9	11	9	16	5	5	8	7	5	5	4	8	10	8	4	5	1	4	7	7	7	7	5	6	8	7	5	6	17	5	5	4	4	3	7	5	5	7	59	4	6	42	5	65	7	12	5	51	6	9	5	8	3	6	6	6	5	11	4	5	7	1	6	5	6	5	6	9	3	6	8	1	0	7	4	3	3	4	3	5	3	4	4	5	3	7	5	7	8	5	7	12	7	5	13	7	9	7	7	4	9	4	5	9	7	8
14H06	24	28	11	13	16	8	17	15	20	26	124	29	12	8	10	11	11	11	11	12	9	12	8	8	10	14	19	9	10	10	10	15	42	15	13	25	13	16	15	74	48	10	15	13	12	15	13	12	11	15	118	10	12	11	13	49	13	10	12	10	11	11	8	13	14	12	12	9	14	12	87	18	11	10	11	11	6	8	11	10	15	10	11	10	14	12	19	10	10	13	10	10	8	9	13	13	13	7	8	6	7	10	10	10	10	10	9	11	10	12	11	24	10	10	9	9	8	6	8	8	12	64	7	9	47	10	70	12	15	10	58	9	12	8	13	10	11	9	9	12	16	7	8	10	8	9	8	9	8	11	12	6	9	13	6	7	0	9	6	6	7	8	8	6	7	9	8	6	6	10	6	7	12	12	15	12	10	16	12	12	10	10	9	12	9	8	12	10	13
14H08	21	21	6	6	11	3	14	10	13	19	119	24	5	5	3	4	4	4	6	7	4	7	5	7	3	7	12	4	5	7	7	12	37	8	8	20	10	15	10	71	45	3	10	10	7	8	8	7	8	10	113	7	5	8	10	42	6	3	5	9	2	8	5	8	13	9	11	4	9	9	86	17	4	5	6	6	5	3	4	5	10	5	10	7	7	7	18	3	3	6	5	3	3	2	10	12	6	4	3	3	4	5	5	3	7	5	8	6	5	9	2	21	3	5	6	4	5	7	3	3	3	57	2	4	40	3	63	5	14	3	51	2	11	1	6	3	6	2	8	5	9	4	3	3	5	4	5	8	5	8	11	5	6	8	5	4	9	0	3	5	6	3	3	5	4	2	3	5	9	3	7	4	5	5	10	5	3	11	7	7	5	5	2	5	2	5	5	3	6
14H09	20	22	7	7	10	2	13	11	14	20	120	25	6	4	4	5	7	5	5	8	5	8	4	6	4	8	13	5	6	6	6	11	38	9	9	21	9	14	11	72	46	4	11	11	8	11	9	8	7	11	112	6	8	7	9	43	9	4	6	8	5	9	4	9	12	8	8	5	10	8	85	16	7	6	7	7	2	4	5	6	11	6	9	8	8	10	17	4	4	7	6	4	4	5	9	9	7	3	2	2	3	6	4	4	6	6	5	7	6	8	5	20	4	6	5	5	4	6	2	2	6	58	1	3	41	4	64	6	13	4	52	3	10	2	7	4	7	3	5	8	10	3	4	4	4	5	4	5	4	7	10	2	5	9	2	3	6	3	0	2	5	4	2	2	1	3	4	2	6	4	6	5	6	6	9	6	4	10	6	6	4	4	3	6	3	2	6	4	7
14H11	22	24	9	9	12	4	13	13	16	22	120	25	8	4	6	7	7	7	7	8	5	8	4	6	6	10	15	5	6	4	6	11	38	11	9	21	9	14	11	70	46	6	11	9	8	11	9	8	7	11	114	6	8	7	9	45	9	6	8	8	7	9	4	9	10	8	8	5	10	8	85	14	7	6	7	7	2	4	7	6	9	6	7	8	10	10	15	6	6	9	6	6	4	5	7	7	9	3	4	2	3	6	6	6	6	6	5	7	6	8	7	20	6	6	5	5	4	6	4	4	8	60	3	5	43	6	66	8	11	6	54	5	10	4	9	6	7	5	5	8	12	3	4	4	4	5	2	5	4	7	8	2	5	9	2	3	6	5	2	0	5	4	4	2	3	5	4	2	6	6	6	7	8	8	9	8	6	10	8	8	4	6	5	6	5	4	8	6	9
1A03	23	25	10	10	13	5	14	14	17	23	121	26	9	5	9	8	8	8	10	9	8	9	5	9	7	11	16	8	7	7	7	12	41	12	10	22	10	13	14	71	45	5	10	10	7	10	8	7	8	12	115	7	7	8	8	46	6	7	9	11	6	10	5	10	13	9	9	6	9	11	84	15	4	5	6	6	3	5	8	5	10	7	10	7	9	9	16	7	7	10	7	7	3	4	6	10	6	2	5	5	4	5	7	5	7	7	6	6	5	7	6	19	7	3	2	2	3	7	5	5	9	61	6	6	44	9	67	9	12	5	53	6	7	5	10	7	6	6	6	5	13	2	3	5	3	4	5	6	3	8	7	3	4	10	3	4	7	6	5	5	0	5	5	5	6	6	5	5	9	7	5	8	7	9	12	9	7	11	7	9	7	7	6	9	6	5	7	5	10
1A05	20	20	5	5	10	2	11	9	12	18	116	21	4	2	4	3	5	3	7	4	3	4	2	6	2	10	15	3	6	4	4	13	36	7	9	21	11	16	9	70	44	4	9	9	6	7	7	6	5	7	112	4	4	5	7	41	5	2	4	8	3	9	2	9	14	6	8	1	10	8	83	14	3	4	3	3	2	0	3	4	9	2	7	6	8	6	19	2	2	5	6	2	2	1	9	9	7	3	2	2	1	4	4	4	4	2	5	5	4	6	3	18	2	4	5	3	2	8	2	2	6	56	3	3	39	4	62	4	15	6	50	5	10	4	5	4	7	5	5	4	8	3	2	4	2	3	2	5	4	5	10	2	5	5	4	3	8	3	4	4	5	0	2	4	5	5	4	4	8	6	8	7	4	4	9	4	2	12	6	6	4	8	5	8	5	4	6	4	5
1A09	18	20	5	5	8	0	11	9	12	18	118	23	4	2	4	3	7	3	5	6	5	6	4	6	2	8	13	5	6	4	4	13	38	7	9	21	11	16	11	70	44	2	9	9	6	9	7	6	5	9	110	4	6	5	7	41	7	2	4	8	3	9	2	9	14	6	8	3	10	8	83	14	5	4	5	5	2	2	3	6	9	4	7	6	6	8	19	2	2	5	6	2	2	3	9	9	5	3	0	4	1	4	2	2	4	4	5	5	4	8	3	20	2	4	5	3	2	8	0	0	6	56	1	1	39	4	62	4	15	4	50	3	10	2	5	4	7	3	5	6	8	3	2	2	4	3	2	5	4	7	10	2	5	7	4	5	8	3	2	4	5	2	0	4	3	5	4	4	8	6	8	5	4	4	7	4	2	10	4	4	2	6	5	6	5	2	4	2	5
1A11	20	24	9	9	12	4	13	13	16	22	120	25	8	4	6	7	5	7	5	8	3	6	4	4	6	8	13	3	4	6	6	9	38	11	7	19	7	12	9	72	44	6	9	9	6	9	7	6	5	11	114	4	6	5	7	45	7	6	8	6	7	7	4	7	10	8	6	5	8	6	85	16	5	4	7	7	2	4	7	6	11	6	9	6	8	8	15	6	6	9	4	6	4	5	9	9	9	3	4	2	3	6	6	6	6	6	5	7	6	8	7	20	6	6	5	5	4	4	4	4	6	60	3	5	43	6	66	8	11	4	54	5	10	4	9	6	7	5	5	8	12	3	4	6	4	5	4	5	4	7	10	2	5	9	2	3	6	5	2	2	5	4	4	0	1	3	2	0	4	4	4	5	8	8	11	8	6	12	8	8	6	4	3	6	3	4	6	6	9
1A12	19	23	8	8	11	3	14	12	15	21	121	26	7	5	5	6	6	6	4	9	4	7	5	5	5	7	12	4	5	7	7	10	39	10	8	20	8	13	10	73	45	5	10	10	7	10	8	7	6	12	113	5	7	6	8	44	8	5	7	7	6	8	5	8	11	9	7	6	9	7	86	17	6	5	8	8	3	5	6	7	12	7	10	7	7	9	16	5	5	8	5	5	5	6	10	10	8	4	3	3	4	7	5	5	7	7	6	8	7	9	6	21	5	7	6	6	5	5	3	3	5	59	2	4	42	5	65	7	12	3	53	4	11	3	8	5	8	4	6	9	11	4	5	5	5	6	5	6	5	8	11	3	6	10	3	4	7	4	1	3	6	5	3	1	0	2	3	1	5	3	5	4	7	7	10	7	5	11	7	7	5	3	2	5	2	3	5	5	8
1B01	21	23	8	8	13	5	16	12	15	21	121	26	7	7	5	6	4	6	6	9	4	7	5	7	5	7	12	4	5	9	9	10	39	10	8	20	8	13	10	73	45	5	10	10	7	8	8	7	8	12	115	7	5	8	10	44	6	5	7	9	4	8	7	8	11	11	9	6	9	9	88	19	4	5	8	8	5	5	6	5	12	7	12	7	7	7	16	5	5	8	5	5	5	4	10	12	8	4	5	3	6	7	7	5	9	7	8	8	7	9	4	21	5	7	6	6	7	5	5	5	3	59	4	6	42	5	65	7	12	3	53	4	11	3	8	5	8	4	8	7	11	4	5	5	5	6	7	8	5	8	11	5	6	10	5	4	9	2	3	5	6	5	5	3	2	0	3	3	7	1	5	4	7	7	12	7	5	11	9	9	7	3	0	5	0	5	5	5	8
1B02	20	24	9	9	12	4	13	13	16	22	120	25	8	4	6	7	3	7	5	8	3	6	6	4	6	6	11	3	2	6	6	9	38	11	5	17	7	12	9	70	42	4	7	7	4	7	5	4	5	11	114	4	4	5	7	45	5	6	8	6	5	5	4	5	10	8	8	5	6	6	85	16	3	2	7	7	4	4	7	6	9	6	9	4	6	6	15	6	6	9	2	6	2	3	9	11	7	3	4	4	3	4	6	4	6	6	7	5	4	10	5	22	6	4	5	3	4	4	4	4	4	60	3	5	43	6	66	8	11	2	54	3	10	2	9	6	5	3	7	6	12	3	2	4	6	3	4	7	4	9	10	4	5	9	4	5	8	3	4	4	5	4	4	2	3	3	0	2	6	4	4	3	8	8	11	8	6	12	8	8	6	4	3	4	3	6	4	4	9
1B03	20	24	9	9	12	4	13	13	16	22	120	25	8	4	6	7	5	7	5	8	3	6	4	4	6	8	13	3	4	6	6	9	38	11	7	19	7	12	9	72	44	6	9	9	6	9	7	6	5	11	114	4	6	5	7	45	7	6	8	6	7	7	4	7	10	8	6	5	8	6	85	16	5	4	7	7	2	4	7	6	11	6	9	6	8	8	15	6	6	9	4	6	4	5	9	9	9	3	4	2	3	6	6	6	6	6	5	7	6	8	7	20	6	6	5	5	4	4	4	4	6	60	3	5	43	6	66	8	11	4	54	5	10	4	9	6	7	5	5	8	12	3	4	6	4	5	4	5	4	7	10	2	5	9	2	3	6	5	2	2	5	4	4	0	1	3	2	0	4	4	4	5	8	8	11	8	6	12	8	8	6	4	3	6	3	4	6	6	9
1B07	22	28	9	13	16	8	17	15	20	26	122	29	12	8	10	11	9	11	9	12	7	10	8	6	10	12	17	7	8	10	10	13	42	15	11	23	11	12	13	72	46	10	13	11	10	13	11	10	9	15	116	8	10	9	11	49	11	10	12	8	11	9	8	11	10	12	10	9	12	10	87	16	9	8	11	11	6	8	11	10	15	10	11	8	12	10	17	10	10	13	8	10	8	9	13	11	13	7	8	6	7	10	10	10	10	10	9	11	10	12	11	24	10	10	7	9	8	2	8	8	10	62	7	9	45	10	68	12	15	8	58	7	10	8	13	8	11	9	9	12	16	7	8	10	8	7	8	9	8	11	12	6	9	13	6	7	6	9	6	6	9	8	8	4	5	7	6	4	0	8	6	5	12	12	15	12	10	16	12	12	10	8	7	10	7	8	10	10	13
1B09	22	24	9	9	14	6	17	13	16	22	122	27	8	8	6	7	5	7	7	10	5	8	6	8	6	8	13	5	6	10	10	11	40	11	9	21	9	14	11	74	46	6	11	11	8	9	9	8	9	13	116	8	6	9	11	45	7	6	8	10	5	9	8	9	12	12	10	7	10	10	89	20	5	6	9	9	6	6	7	6	13	8	13	8	8	8	17	6	6	9	6	6	6	5	11	13	9	5	6	4	7	8	8	6	10	8	9	9	8	10	5	22	6	8	7	7	8	6	6	6	4	60	5	7	43	6	66	8	13	4	54	5	12	4	9	6	9	5	9	8	12	5	6	6	6	7	8	9	6	9	12	6	7	11	6	5	10	3	4	6	7	6	6	4	3	1	4	4	8	0	6	5	8	8	13	8	6	12	10	10	8	4	1	6	1	6	6	6	9
1B10	24	28	13	13	16	8	17	15	20	26	124	29	12	8	10	11	7	11	9	12	7	10	8	8	10	10	15	7	6	10	10	11	42	15	9	21	9	14	13	72	46	8	11	9	8	11	9	8	9	15	118	8	8	9	11	49	9	10	12	8	9	7	8	9	10	12	10	9	10	10	87	18	7	6	11	11	6	8	11	8	13	10	11	6	10	8	13	10	10	13	6	10	6	7	11	13	11	5	8	6	7	8	10	8	10	10	9	9	8	12	9	24	10	8	7	7	8	4	8	8	8	64	7	9	47	10	70	12	11	6	58	7	10	6	13	10	9	7	9	10	16	5	6	8	8	7	8	9	6	11	10	6	7	13	6	7	6	7	6	6	5	8	8	4	5	5	4	4	6	6	0	5	12	12	15	12	10	12	12	12	10	6	5	8	5	8	8	8	13
1B11	21	25	8	10	13	5	16	12	17	23	123	28	9	7	7	8	6	8	6	11	6	9	9	5	7	7	12	6	5	9	9	12	41	12	8	20	10	13	12	73	45	5	10	8	7	10	8	7	8	14	115	7	7	8	10	46	8	7	9	7	6	6	7	8	11	11	11	8	9	9	88	17	6	5	10	10	7	7	8	9	12	9	10	5	7	7	16	7	7	10	5	7	5	6	12	14	8	6	5	7	6	7	7	5	9	9	10	8	7	13	6	25	7	7	8	6	7	3	5	5	5	61	4	6	44	7	67	9	14	3	55	4	11	3	10	7	8	4	10	9	13	6	5	5	9	6	7	10	7	12	11	7	8	12	7	8	7	4	5	7	8	7	5	5	4	4	3	5	5	5	5	0	9	9	12	9	7	13	9	9	7	5	4	5	4	7	5	5	10
1C01	22	22	7	7	12	4	15	11	14	20	118	23	4	6	6	5	9	5	9	8	7	8	4	10	4	12	17	7	10	8	8	17	40	9	13	23	15	18	13	74	48	6	13	13	10	11	11	10	9	11	114	8	8	9	9	41	7	4	6	12	5	13	6	13	16	10	12	5	12	12	87	14	5	8	5	5	6	4	5	8	13	6	11	10	10	10	19	4	4	7	10	4	6	5	11	11	7	7	4	6	5	8	6	6	8	6	9	9	8	6	5	16	2	4	7	5	4	12	4	4	8	58	5	5	39	6	62	4	17	6	50	7	12	6	7	4	9	7	9	6	10	7	6	6	4	7	6	9	8	7	12	6	9	9	6	5	12	5	6	8	7	4	4	8	7	7	8	8	12	8	12	9	0	4	9	6	2	12	6	6	6	10	7	10	7	6	8	6	7
1C02	22	22	5	5	12	4	15	11	14	18	116	23	4	6	6	5	9	5	9	8	7	8	4	10	2	12	17	7	10	8	8	17	40	7	13	23	15	20	13	74	48	6	13	13	10	11	11	10	9	9	112	8	8	9	11	39	9	4	6	12	5	13	6	13	18	10	12	5	14	12	85	16	7	8	5	7	6	4	5	8	13	6	11	10	10	10	23	4	4	7	10	4	6	5	13	13	9	7	4	6	5	8	6	6	8	6	9	9	8	10	5	20	2	6	9	7	6	12	4	4	8	58	5	5	35	6	60	4	19	8	52	7	14	6	7	6	11	7	9	8	10	7	6	6	6	7	6	9	8	9	14	6	9	9	8	7	12	5	6	8	9	4	4	8	7	7	8	8	12	8	12	9	4	0	11	6	4	14	8	4	6	10	7	10	7	6	8	6	7
1C03	23	27	12	12	15	7	16	16	19	25	125	30	11	9	11	10	14	10	12	13	12	13	11	13	9	15	20	12	13	9	11	20	45	14	16	28	18	23	18	73	51	9	16	14	13	14	12	13	12	16	117	11	13	12	14	48	14	9	11	15	10	16	9	14	15	11	15	10	17	15	90	15	12	11	12	12	9	9	10	13	14	11	12	13	13	15	22	9	9	12	13	9	9	10	14	10	10	10	7	11	8	11	9	9	11	11	12	12	11	13	10	25	9	11	12	10	9	15	7	7	13	63	8	8	46	11	69	11	18	11	57	10	15	9	12	11	14	10	12	13	15	10	9	7	11	10	7	12	11	12	13	9	12	14	11	12	15	10	9	9	12	9	7	11	10	12	11	11	15	13	15	12	9	11	0	11	7	3	7	11	5	9	12	7	12	7	7	7	12
1C04	22	16	7	7	12	4	15	9	10	18	114	21	6	6	6	5	7	5	9	8	7	8	6	10	4	10	15	7	10	6	8	17	36	9	13	25	15	20	13	72	46	6	13	13	10	11	11	10	9	11	108	8	8	9	11	41	9	4	6	12	5	13	6	13	18	10	12	5	14	12	83	16	7	8	7	7	6	4	3	8	13	6	11	10	10	10	23	4	2	7	10	4	6	5	13	13	9	7	4	6	5	8	6	6	8	6	9	9	8	10	5	20	4	8	9	7	6	12	4	4	8	54	5	5	41	6	60	6	19	8	46	7	14	6	5	6	11	7	9	6	10	7	6	6	6	7	6	5	8	9	14	6	9	5	8	7	12	5	6	8	9	4	4	8	7	7	8	8	12	8	12	9	6	6	11	0	4	14	8	8	6	10	7	10	7	6	8	6	7
1C05	20	20	5	5	10	2	13	9	12	18	118	23	4	4	4	3	7	3	7	6	5	6	4	8	2	10	15	5	8	6	6	15	38	7	11	23	13	18	11	72	46	4	11	11	8	9	9	8	7	9	112	6	6	7	9	41	7	2	4	10	3	11	4	11	14	8	10	3	12	10	85	14	5	6	5	5	4	2	3	6	11	4	9	8	8	8	19	2	2	5	8	2	4	3	11	9	7	5	2	4	3	6	4	4	6	4	7	7	6	6	3	18	2	6	7	5	4	10	2	2	6	56	3	3	39	4	62	4	17	6	50	5	12	4	5	4	9	5	7	6	8	5	4	4	4	5	4	7	6	5	12	4	7	7	6	5	10	3	4	6	7	2	2	6	5	5	6	6	10	6	10	7	2	4	7	4	0	10	6	6	4	8	5	8	5	4	6	4	5
1C07	26	30	15	15	18	10	19	19	22	28	128	33	14	12	14	13	15	13	15	16	15	16	12	16	12	16	21	15	14	12	14	19	48	17	17	29	17	22	21	72	52	10	17	15	14	15	13	14	15	19	120	14	14	15	17	51	15	12	14	18	11	17	12	15	14	14	16	13	18	18	93	18	13	12	15	15	10	12	13	12	15	14	15	14	14	16	19	12	12	15	14	12	10	11	13	11	11	9	10	12	11	12	12	10	14	14	13	13	12	14	11	26	12	12	11	11	12	14	10	10	14	66	11	11	49	14	72	14	15	12	60	11	14	10	15	14	15	11	13	14	18	9	10	8	12	11	10	13	10	13	12	10	11	17	12	13	16	11	10	10	11	12	10	12	11	11	12	12	16	12	12	13	12	14	3	14	10	0	10	14	8	8	11	8	11	8	8	8	15
1C09	22	22	9	9	12	4	13	13	16	20	120	27	8	6	8	7	11	7	9	10	9	10	8	10	6	12	17	9	10	8	8	17	42	11	13	23	15	18	15	70	48	6	13	13	10	13	11	10	9	13	112	8	10	9	9	45	9	6	8	12	7	13	6	13	18	10	12	7	12	12	85	16	7	8	7	7	6	6	7	10	13	8	11	10	10	12	21	6	6	9	10	6	6	7	11	13	7	7	4	8	5	8	6	6	8	8	9	9	8	10	7	22	6	6	7	5	4	12	4	4	10	60	5	5	41	8	64	8	17	6	52	7	12	6	9	6	9	7	9	8	12	7	6	6	6	7	6	9	8	11	12	6	9	11	6	7	12	7	6	8	7	6	4	8	7	9	8	8	12	10	12	9	6	8	7	8	6	10	0	8	4	8	9	8	9	6	6	6	9
1D01	20	22	7	5	12	4	15	11	16	20	114	25	6	6	8	7	11	7	9	8	9	8	6	10	6	12	15	9	10	8	8	17	42	11	11	21	15	20	15	74	48	6	13	13	10	11	11	10	9	9	108	8	10	7	11	39	11	6	6	12	7	13	6	13	18	8	10	7	14	12	83	14	9	8	9	9	6	6	7	10	13	8	11	10	10	12	23	4	6	9	10	6	6	7	11	13	9	7	4	8	5	8	6	6	8	8	9	9	6	12	7	20	4	6	9	7	6	12	4	4	8	58	5	5	39	6	62	4	19	8	52	7	14	6	9	8	9	5	9	10	10	7	6	6	8	7	6	9	8	11	14	6	9	9	8	9	12	7	6	8	9	6	4	8	7	9	8	8	12	10	12	9	6	4	11	8	6	14	8	0	6	10	9	10	9	6	8	6	9
1D02	20	22	7	7	10	2	11	11	14	20	120	25	6	4	6	5	9	5	7	8	7	8	6	8	4	10	15	7	8	4	6	15	40	9	11	23	13	18	13	70	46	4	11	9	8	11	9	8	7	11	112	6	8	7	9	43	9	4	6	10	5	11	4	11	14	8	10	5	12	10	85	14	7	6	7	7	4	4	5	8	9	6	7	8	8	10	19	4	4	7	8	4	4	5	9	9	7	5	2	6	3	6	4	4	6	6	7	7	6	10	5	22	4	6	7	5	4	10	2	2	8	58	3	3	41	6	64	6	15	6	52	5	12	4	7	6	9	5	7	8	10	5	4	2	6	5	2	7	6	9	10	4	7	9	6	7	10	5	4	4	7	4	2	6	5	7	6	6	10	8	10	7	6	6	5	6	4	8	4	6	0	6	7	4	7	4	4	4	7
1D07	20	26	11	11	14	6	15	15	18	24	124	29	10	8	8	9	7	9	7	12	7	10	8	8	8	8	13	7	6	10	10	11	42	13	9	21	9	14	13	74	46	6	11	11	8	9	7	8	9	15	116	8	8	9	11	47	9	8	10	10	7	9	8	7	10	10	10	9	10	10	89	18	7	6	11	11	6	8	9	8	13	10	13	8	8	10	17	8	8	11	6	8	6	7	11	11	7	5	6	6	7	8	8	6	10	10	9	9	8	12	7	24	8	8	7	7	8	6	6	6	6	62	5	7	45	8	68	10	11	4	56	5	10	4	11	8	9	5	9	10	14	5	6	6	8	7	8	9	6	11	10	6	7	13	6	7	10	5	4	6	7	8	6	4	3	3	4	4	8	4	6	5	10	10	9	10	8	8	8	10	6	0	3	2	3	4	2	4	11
1D08	21	23	8	8	13	5	16	12	15	21	121	26	7	7	5	6	4	6	6	9	4	7	5	7	5	7	12	4	5	9	9	10	39	10	8	20	8	13	10	73	45	5	10	10	7	8	8	7	8	12	115	7	5	8	10	44	6	5	7	9	4	8	7	8	11	11	9	6	9	9	88	19	4	5	8	8	5	5	6	5	12	7	12	7	7	7	16	5	5	8	5	5	5	4	10	12	8	4	5	3	6	7	7	5	9	7	8	8	7	9	4	21	5	7	6	6	7	5	5	5	3	59	4	6	42	5	65	7	12	3	53	4	11	3	8	5	8	4	8	7	11	4	5	5	5	6	7	8	5	8	11	5	6	10	5	4	9	2	3	5	6	5	5	3	2	0	3	3	7	1	5	4	7	7	12	7	5	11	9	9	7	3	0	5	0	5	5	5	8
1D09	20	26	11	11	14	6	15	15	18	24	124	29	10	8	8	9	7	9	7	12	7	10	10	8	8	8	13	7	6	8	10	13	42	13	9	21	11	16	13	72	46	6	11	9	8	9	7	8	9	15	116	8	8	9	11	47	9	8	10	10	7	9	8	7	10	10	12	9	10	10	89	16	7	6	11	11	8	8	9	10	11	10	11	8	8	10	17	8	8	11	6	8	6	7	11	11	7	7	6	8	7	8	8	6	10	10	11	9	8	14	7	26	8	8	9	7	8	8	6	6	6	62	5	7	45	8	68	10	11	4	56	5	12	4	11	8	9	5	11	10	14	7	6	4	10	7	6	11	8	13	10	8	9	13	8	9	12	5	6	6	9	8	6	6	5	5	4	6	10	6	8	5	10	10	7	10	8	8	8	10	4	2	5	0	5	6	2	4	11
1D10	21	23	8	8	13	5	16	12	15	21	121	26	7	7	5	6	4	6	6	9	4	7	5	7	5	7	12	4	5	9	9	10	39	10	8	20	8	13	10	73	45	5	10	10	7	8	8	7	8	12	115	7	5	8	10	44	6	5	7	9	4	8	7	8	11	11	9	6	9	9	88	19	4	5	8	8	5	5	6	5	12	7	12	7	7	7	16	5	5	8	5	5	5	4	10	12	8	4	5	3	6	7	7	5	9	7	8	8	7	9	4	21	5	7	6	6	7	5	5	5	3	59	4	6	42	5	65	7	12	3	53	4	11	3	8	5	8	4	8	7	11	4	5	5	5	6	7	8	5	8	11	5	6	10	5	4	9	2	3	5	6	5	5	3	2	0	3	3	7	1	5	4	7	7	12	7	5	11	9	9	7	3	0	5	0	5	5	5	8
1D12	18	22	7	7	10	2	13	11	14	20	120	25	6	4	6	5	9	5	7	8	7	8	4	8	4	10	15	7	8	6	6	13	40	9	11	23	11	16	13	72	46	4	11	11	8	9	7	8	7	11	112	6	8	7	9	43	9	4	6	10	5	11	4	9	12	6	8	5	12	10	85	14	7	6	7	7	2	4	5	6	11	6	9	8	8	10	19	4	4	7	8	4	4	5	9	7	5	3	2	4	3	6	4	4	6	6	5	7	6	8	5	20	4	6	5	5	4	8	2	2	8	58	3	3	41	6	64	6	13	6	52	5	8	4	7	6	9	5	5	8	10	3	4	4	4	5	4	5	4	7	8	2	5	9	4	5	8	5	2	4	5	4	2	4	3	5	6	4	8	6	8	7	6	6	7	6	4	8	6	6	4	4	5	6	5	0	4	2	7
1E01	18	24	9	9	12	4	13	13	16	22	122	27	8	6	8	7	7	7	7	10	7	8	8	8	6	8	13	7	6	8	8	13	42	11	9	21	11	16	13	72	44	4	9	9	6	7	5	6	7	13	114	6	6	7	9	45	7	6	8	10	5	9	6	7	12	8	10	7	10	10	87	16	5	4	9	9	6	6	7	8	11	8	11	6	6	8	19	6	6	9	6	6	4	5	11	11	5	5	4	8	5	6	6	4	8	8	9	7	6	12	5	24	6	6	7	5	6	8	4	4	6	60	5	5	43	8	66	8	13	4	54	5	10	4	9	8	9	5	9	8	12	5	4	4	8	5	6	9	6	11	10	6	7	11	8	9	12	5	6	8	7	6	4	6	5	5	4	6	10	6	8	5	8	8	7	8	6	8	6	8	4	2	5	2	5	4	0	2	9
1E07	18	22	7	7	10	2	13	11	14	20	120	25	6	4	6	5	7	5	7	8	7	8	6	8	4	8	13	7	6	6	6	13	40	9	9	21	11	16	13	70	44	2	9	9	6	7	5	6	7	11	112	6	6	7	9	43	7	4	6	10	3	9	4	7	12	6	10	5	10	10	85	14	5	4	7	7	4	4	5	6	9	6	9	6	6	8	19	4	4	7	6	4	2	3	9	9	3	3	2	6	3	4	4	2	6	6	7	5	4	10	3	22	4	4	5	3	4	8	2	2	6	58	3	3	41	6	64	6	13	4	52	3	8	2	7	6	7	3	7	6	10	3	2	2	6	3	4	7	4	9	8	4	5	9	6	7	10	3	4	6	5	4	2	6	5	5	4	6	10	6	8	5	6	6	7	6	4	8	6	6	4	4	5	4	5	2	2	0	7
7G11	23	23	8	8	13	5	16	12	15	21	117	26	7	7	7	6	10	6	10	9	8	9	7	11	5	13	18	8	11	9	9	18	37	8	14	24	16	21	14	69	41	7	14	14	11	12	12	11	10	12	107	9	9	10	12	36	10	3	7	13	6	14	7	14	19	11	13	6	15	13	84	19	8	9	8	8	7	5	6	9	14	7	12	11	11	11	24	5	5	6	11	5	7	6	14	14	10	8	5	7	6	9	7	7	9	7	8	10	9	11	6	21	5	9	10	8	7	13	5	5	9	51	6	4	38	7	59	7	20	9	51	8	15	7	8	7	12	8	10	9	9	8	7	7	7	8	7	10	9	10	15	7	10	10	9	8	13	6	7	9	10	5	5	9	8	8	9	9	13	9	13	10	7	7	12	7	5	15	9	9	7	11	8	11	8	7	9	7	0
